42
Amphiuma_tridactylum_FJ951369.1      0.0000000 0.1436808 0.1383959 0.1418397 0.1451576 0.1528802 0.1511838 0.1529889 0.1531506 0.1518611 0.1519977 0.1562475 0.1546846 0.1574924 0.1585057 0.1565311 0.1536483 0.1531886 0.1568406 0.1567302 0.1629064 0.1552718 0.1622561 0.1438356 0.1710241 0.1716195 0.1596327 0.1743219 0.1613238 0.1734569 0.1738487 0.1522248 0.1602793 0.1524832 0.1502143 0.1514571 0.1557290 0.1636087 0.1384993 0.1409517 0.1521387 0.1468576 
Plethodon_neomexicanus_DQ995044.1    0.1436808 0.0000000 0.0224564 0.0230781 0.0278947 0.0293643 0.0302821 0.0328110 0.0336840 0.0329984 0.0359157 0.0360358 0.0359655 0.0360843 0.0368602 0.0360989 0.0376280 0.0378465 0.0384041 0.0385168 0.0392412 0.0409504 0.0408218 0.0205510 0.0734794 0.0692811 0.0387001 0.0819721 0.0743102 0.0670025 0.0733246 0.0558095 0.0701468 0.0775797 0.0812786 0.0994158 0.0960671 0.0698393 0.0872787 0.0887597 0.0247628 0.0895155 
Plethodon_larselli_DQ995036.1        0.1383959 0.0224564 0.0000000 0.0185932 0.0164588 0.0240817 0.0187180 0.0296071 0.0304619 0.0321731 0.0319090 0.0312201 0.0327348 0.0312617 0.0320273 0.0312747 0.0312204 0.0329744 0.0304118 0.0336486 0.0320011 0.0360408 0.0343748 0.0197870 0.0755563 0.0732825 0.0334518 0.0822483 0.0722643 0.0712901 0.0777317 0.0514426 0.0667680 0.0810131 0.0754329 0.0902605 0.0937405 0.0657407 0.0846143 0.0822894 0.0248907 0.0799836 
Plethodon_vehiculum_AY691716.1       0.1418397 0.0230781 0.0185932 0.0000000 0.0246629 0.0231925 0.0270021 0.0317562 0.0326167 0.0343381 0.0332770 0.0333741 0.0348858 0.0349996 0.0341832 0.0334321 0.0333742 0.0351400 0.0341367 0.0358083 0.0357383 0.0382019 0.0381264 0.0096575 0.0759955 0.0717745 0.0358035 0.0826521 0.0752640 0.0687888 0.0751113 0.0519660 0.0697844 0.0803155 0.0788910 0.0963272 0.0998728 0.0670927 0.0837940 0.0885795 0.0199019 0.0886518 
Plethodon_vandykei_AY691715.1        0.1451576 0.0278947 0.0164588 0.0246629 0.0000000 0.0295843 0.0034470 0.0352661 0.0361542 0.0371261 0.0368165 0.0352356 0.0384659 0.0369767 0.0361578 0.0369917 0.0385277 0.0387528 0.0393076 0.0394237 0.0393449 0.0418715 0.0409787 0.0262698 0.0806087 0.0762651 0.0406410 0.0871957 0.0773652 0.0743885 0.0831999 0.0576202 0.0752159 0.0848232 0.0835437 0.1033837 0.0998644 0.0741104 0.0841812 0.0856637 0.0307727 0.0887839 
Plethodon_elongatus_AY650120.1       0.1528802 0.0293643 0.0240817 0.0231925 0.0295843 0.0000000 0.0312189 0.0376976 0.0385991 0.0404012 0.0408670 0.0377701 0.0409248 0.0378353 0.0386034 0.0394463 0.0409911 0.0396076 0.0417761 0.0402782 0.0434427 0.0443698 0.0459203 0.0246631 0.0786165 0.0722231 0.0415791 0.0851178 0.0760517 0.0711400 0.0788135 0.0560869 0.0714666 0.0845941 0.0816360 0.1030664 0.0990079 0.0718116 0.0915185 0.0930205 0.0112484 0.0935144 
Plethodon_idahoensis_DQ995031.1      0.1511838 0.0302821 0.0187180 0.0270021 0.0034470 0.0312189 0.0000000 0.0377531 0.0386561 0.0404612 0.0393159 0.0377202 0.0409852 0.0378630 0.0386604 0.0395047 0.0410518 0.0412938 0.0418379 0.0419629 0.0418782 0.0427825 0.0427136 0.0287489 0.0826976 0.0792810 0.0425302 0.0893384 0.0822789 0.0774549 0.0863887 0.0603390 0.0763029 0.0879104 0.0866315 0.1066693 0.1049202 0.0761226 0.0909468 0.0924393 0.0333319 0.0899474 
Plethodon_hoffmani_DQ995029.1        0.1529889 0.0328110 0.0296071 0.0317562 0.0352661 0.0376976 0.0377531 0.0000000 0.0048733 0.0062804 0.0083781 0.0098289 0.0076788 0.0112772 0.0105513 0.0098456 0.0083672 0.0127638 0.0119711 0.0120021 0.0134211 0.0149190 0.0156016 0.0297587 0.0783639 0.0759819 0.0107440 0.0851284 0.0768330 0.0750485 0.0787549 0.0543505 0.0755434 0.0868488 0.0773911 0.1025586 0.1055809 0.0723457 0.0903102 0.0899081 0.0352187 0.0979260 
Plethodon_cinereus_DQ995021.1        0.1531506 0.0336840 0.0304619 0.0326167 0.0361542 0.0385991 0.0386561 0.0048733 0.0000000 0.0077440 0.0091089 0.0091355 0.0084070 0.0120255 0.0112955 0.0091511 0.0077075 0.0120663 0.0127212 0.0127543 0.0141788 0.0156865 0.0163701 0.0306635 0.0773485 0.0759869 0.0099869 0.0841925 0.0768379 0.0750539 0.0796785 0.0543573 0.0756319 0.0856242 0.0795870 0.1016369 0.1030021 0.0724303 0.0899160 0.0895176 0.0361662 0.0991870 
Plethodon_shenandoah_DQ995062.1      0.1518611 0.0329984 0.0321731 0.0343381 0.0371261 0.0404012 0.0404612 0.0062804 0.0077440 0.0000000 0.0098414 0.0105691 0.0084244 0.0120254 0.0112954 0.0105871 0.0083858 0.0135219 0.0127210 0.0127542 0.0141786 0.0156862 0.0149066 0.0316355 0.0796075 0.0754022 0.0115568 0.0834133 0.0751608 0.0744392 0.0790728 0.0563972 0.0760184 0.0865409 0.0808537 0.1011671 0.1063028 0.0747209 0.0907767 0.0903702 0.0371943 0.0974664 
Plethodon_richmondi_DQ995054.1       0.1519977 0.0359157 0.0319090 0.0332770 0.0368165 0.0408670 0.0393159 0.0083781 0.0091089 0.0098414 0.0000000 0.0112449 0.0055319 0.0141488 0.0134145 0.0112640 0.0112418 0.0141969 0.0148423 0.0148812 0.0163067 0.0178265 0.0185062 0.0305389 0.0778086 0.0763749 0.0122929 0.0874716 0.0772204 0.0754655 0.0791520 0.0576670 0.0790766 0.0867051 0.0811290 0.1055645 0.1003096 0.0758327 0.0916122 0.0912052 0.0368946 0.0987176 
Plethodon_jordani_DQ995032.1         0.1562475 0.0360358 0.0312201 0.0333741 0.0352356 0.0377701 0.0377202 0.0098289 0.0091355 0.0105691 0.0112449 0.0000000 0.0098284 0.0041472 0.0034493 0.0027582 0.0112748 0.0041605 0.0119396 0.0048461 0.0133857 0.0148794 0.0155602 0.0306402 0.0775235 0.0719680 0.0022505 0.0789235 0.0749006 0.0718227 0.0808702 0.0535552 0.0747154 0.0877802 0.0786098 0.1050084 0.1033116 0.0705007 0.0812086 0.0846610 0.0361393 0.0958906 
Plethodon_hubrichti_DQ995030.1       0.1546846 0.0359655 0.0327348 0.0348858 0.0384659 0.0409248 0.0409852 0.0076788 0.0084070 0.0084244 0.0055319 0.0098284 0.0000000 0.0127201 0.0119894 0.0098452 0.0112556 0.0127632 0.0148609 0.0134493 0.0163272 0.0178491 0.0185297 0.0322321 0.0758609 0.0744058 0.0107434 0.0854518 0.0752484 0.0734122 0.0770548 0.0577537 0.0792056 0.0874519 0.0822070 0.1067800 0.1015817 0.0739231 0.0865428 0.0861614 0.0369495 0.0998659 
Plethodon_kentucki_DQ995033.1        0.1574924 0.0360843 0.0312617 0.0349996 0.0369767 0.0378353 0.0378630 0.0112772 0.0120255 0.0120254 0.0141488 0.0041472 0.0127201 0.0000000 0.0048475 0.0055518 0.0141870 0.0069810 0.0126360 0.0062559 0.0148529 0.0148983 0.0170417 0.0323511 0.0795224 0.0760543 0.0052881 0.0830522 0.0769062 0.0760976 0.0830402 0.0553402 0.0766710 0.0879157 0.0806437 0.1040593 0.1047790 0.0706013 0.0851904 0.0848144 0.0362056 0.0952740 
Plethodon_yonahlossee_AY691718.1     0.1585057 0.0368602 0.0320273 0.0341832 0.0361578 0.0386034 0.0386604 0.0105513 0.0112955 0.0112954 0.0134145 0.0034493 0.0119894 0.0048475 0.0000000 0.0048484 0.0134506 0.0062705 0.0126662 0.0055499 0.0141173 0.0156180 0.0148469 0.0314919 0.0785469 0.0731894 0.0045230 0.0801758 0.0740382 0.0730998 0.0799469 0.0544414 0.0756832 0.0888398 0.0796156 0.1040812 0.1055273 0.0714472 0.0814092 0.0810540 0.0370221 0.0992344 
Plethodon_cylindraceus_DQ995022.1    0.1565311 0.0360989 0.0312747 0.0334321 0.0369917 0.0394463 0.0395047 0.0098456 0.0091511 0.0105871 0.0112640 0.0027582 0.0098452 0.0055518 0.0048484 0.0000000 0.0112941 0.0055708 0.0119598 0.0062567 0.0134084 0.0149048 0.0155867 0.0314245 0.0795138 0.0760468 0.0030009 0.0830422 0.0768985 0.0748550 0.0817367 0.0553389 0.0748167 0.0869636 0.0787538 0.1062279 0.1031091 0.0724060 0.0836053 0.0832371 0.0369407 0.0993107 
Plethodon_serratus_DQ995057.1        0.1536483 0.0376280 0.0312204 0.0333742 0.0385277 0.0409911 0.0410518 0.0083672 0.0077075 0.0083858 0.0112418 0.0112748 0.0112556 0.0141870 0.0134506 0.0112941 0.0000000 0.0142353 0.0148824 0.0149215 0.0163509 0.0178753 0.0185569 0.0322934 0.0812179 0.0789649 0.0123287 0.0861168 0.0768732 0.0781616 0.0828603 0.0578528 0.0784392 0.0879977 0.0813149 0.1006014 0.1047328 0.0742942 0.0905880 0.0867966 0.0378441 0.0990037 
Plethodon_ouachitae_AY691704.1       0.1531886 0.0378465 0.0329744 0.0351400 0.0387528 0.0396076 0.0412938 0.0127638 0.0120663 0.0135219 0.0141969 0.0041605 0.0127632 0.0069810 0.0062705 0.0055708 0.0142353 0.0000000 0.0148964 0.0055510 0.0163664 0.0178924 0.0185746 0.0324882 0.0817645 0.0782916 0.0037728 0.0853249 0.0791492 0.0784403 0.0854864 0.0555783 0.0788568 0.0909608 0.0805790 0.1088660 0.1058863 0.0736370 0.0868754 0.0864909 0.0380796 0.1002429 
Plethodon_wehrlei_DQ995075.1         0.1568406 0.0384041 0.0304118 0.0341367 0.0393076 0.0417761 0.0418379 0.0119711 0.0127212 0.0127210 0.0148423 0.0119396 0.0148609 0.0126360 0.0126662 0.0119598 0.0148824 0.0148964 0.0000000 0.0141252 0.0126560 0.0140816 0.0148233 0.0331025 0.0839959 0.0789112 0.0130514 0.0861706 0.0778554 0.0771261 0.0838022 0.0560505 0.0763737 0.0880184 0.0818549 0.1047715 0.1020539 0.0742458 0.0833020 0.0862730 0.0386751 0.0979155 
Plethodon_petraeus_DQ995049.1        0.1567302 0.0385168 0.0336486 0.0358083 0.0394237 0.0402782 0.0419629 0.0120021 0.0127543 0.0127542 0.0148812 0.0048461 0.0134493 0.0062559 0.0055499 0.0062567 0.0149215 0.0055510 0.0141252 0.0000000 0.0155863 0.0171010 0.0177817 0.0332030 0.0824181 0.0770495 0.0052792 0.0840556 0.0779030 0.0771393 0.0841197 0.0562267 0.0767311 0.0900051 0.0807099 0.1063508 0.1071633 0.0733612 0.0868840 0.0864994 0.0387967 0.1004165 
Plethodon_dorsalis_DQ995023.1        0.1629064 0.0392412 0.0320011 0.0357383 0.0393449 0.0434427 0.0418782 0.0134211 0.0141788 0.0141786 0.0163067 0.0133857 0.0163272 0.0148529 0.0141173 0.0134084 0.0163509 0.0163664 0.0126560 0.0155863 0.0000000 0.0170640 0.0062326 0.0356361 0.0859768 0.0827881 0.0146364 0.0900761 0.0817139 0.0821554 0.0869375 0.0584835 0.0781259 0.0920469 0.0852572 0.1091661 0.1069783 0.0779409 0.0833192 0.0862908 0.0412948 0.1002152 
Plethodon_websteri_DQ995073.1        0.1552718 0.0409504 0.0360408 0.0382019 0.0418715 0.0443698 0.0427825 0.0149190 0.0156865 0.0156862 0.0178265 0.0148794 0.0178491 0.0148983 0.0156180 0.0149048 0.0178753 0.0178924 0.0140816 0.0171010 0.0170640 0.0000000 0.0177978 0.0365687 0.0822762 0.0790532 0.0131090 0.0882630 0.0799096 0.0782528 0.0804861 0.0587875 0.0793728 0.0953143 0.0830891 0.1092837 0.1098473 0.0762709 0.0904948 0.0900909 0.0422717 0.1012141 
Plethodon_welleri_AY691717.1         0.1622561 0.0408218 0.0343748 0.0381264 0.0409787 0.0459203 0.0427136 0.0156016 0.0163701 0.0149066 0.0185062 0.0155602 0.0185297 0.0170417 0.0148469 0.0155867 0.0185569 0.0185746 0.0148233 0.0177817 0.0062326 0.0177978 0.0000000 0.0373336 0.0800800 0.0787206 0.0170203 0.0859619 0.0785346 0.0769319 0.0815913 0.0583168 0.0778520 0.0897192 0.0839244 0.1056606 0.1039430 0.0777018 0.0811685 0.0841159 0.0430495 0.0996610 
Plethodon_dunni_KF911900.1           0.1438356 0.0205510 0.0197870 0.0096575 0.0262698 0.0246631 0.0287489 0.0297587 0.0306635 0.0316355 0.0305389 0.0306402 0.0322321 0.0323511 0.0314919 0.0314245 0.0322934 0.0324882 0.0331025 0.0332030 0.0356361 0.0365687 0.0373336 0.0000000 0.0766166 0.0704582 0.0326730 0.0835719 0.0752476 0.0704582 0.0768027 0.0511265 0.0678170 0.0818974 0.0785987 0.1004567 0.0958742 0.0697299 0.0849140 0.0864606 0.0222844 0.0900285 
Aneides_aeneus_AY691701.1            0.1710241 0.0734794 0.0755563 0.0759955 0.0806087 0.0786165 0.0826976 0.0783639 0.0773485 0.0796075 0.0778086 0.0775235 0.0758609 0.0795224 0.0785469 0.0795138 0.0812179 0.0817645 0.0839959 0.0824181 0.0859768 0.0822762 0.0800800 0.0766166 0.0000000 0.0348279 0.0786431 0.0433567 0.0388019 0.0339804 0.0044123 0.0484348 0.0564486 0.0902443 0.1011553 0.1296490 0.1111768 0.0676540 0.0398031 0.0351847 0.0795881 0.1168384 
Aneides_hardii_EU275780.1            0.1716195 0.0692811 0.0732825 0.0717745 0.0762651 0.0722231 0.0792810 0.0759819 0.0759869 0.0754022 0.0763749 0.0719680 0.0744058 0.0760543 0.0731894 0.0760468 0.0789649 0.0782916 0.0789112 0.0770495 0.0827881 0.0790532 0.0787206 0.0704582 0.0348279 0.0000000 0.0760727 0.0275854 0.0212550 0.0000010 0.0323871 0.0442428 0.0518440 0.0808096 0.0966218 0.1242935 0.1136914 0.0626118 0.0208839 0.0278042 0.0732843 0.1101540 
Plethodon_glutinosus_DQ995027.1      0.1596327 0.0387001 0.0334518 0.0358035 0.0406410 0.0415791 0.0425302 0.0107440 0.0099869 0.0115568 0.0122929 0.0022505 0.0107434 0.0052881 0.0045230 0.0030009 0.0123287 0.0037728 0.0130514 0.0052792 0.0146364 0.0131090 0.0170203 0.0326730 0.0786431 0.0760727 0.0000000 0.0824466 0.0780564 0.0763254 0.0823971 0.0544395 0.0777813 0.0869540 0.0822047 0.1077890 0.1077539 0.0719987 0.0928879 0.0923965 0.0377520 0.1010232 
Aneides_lugubris_AY650118.1          0.1743219 0.0819721 0.0822483 0.0826521 0.0871957 0.0851178 0.0893384 0.0851284 0.0841925 0.0834133 0.0874716 0.0789235 0.0854518 0.0830522 0.0801758 0.0830422 0.0861168 0.0853249 0.0861706 0.0840556 0.0900761 0.0882630 0.0859619 0.0835719 0.0433567 0.0275854 0.0824466 0.0000000 0.0251331 0.0264027 0.0448029 0.0521672 0.0627996 0.0938350 0.1051564 0.1334796 0.1252517 0.0745381 0.0222699 0.0264476 0.0867005 0.1166492 
Aneides_ferreus_EU275805.1           0.1613238 0.0743102 0.0722643 0.0752640 0.0773652 0.0760517 0.0822789 0.0768330 0.0768379 0.0751608 0.0772204 0.0749006 0.0752484 0.0769062 0.0740382 0.0768985 0.0768732 0.0791492 0.0778554 0.0779030 0.0817139 0.0799096 0.0785346 0.0752476 0.0388019 0.0212550 0.0780564 0.0251331 0.0000000 0.0206518 0.0399713 0.0460602 0.0536820 0.0849764 0.0942115 0.1219801 0.1109527 0.0654303 0.0127669 0.0062705 0.0762390 0.1006056 
Aneides_hardii_KC165585.1            0.1734569 0.0670025 0.0712901 0.0687888 0.0743885 0.0711400 0.0774549 0.0750485 0.0750539 0.0744392 0.0754655 0.0718227 0.0734122 0.0760976 0.0730998 0.0748550 0.0781616 0.0784403 0.0771261 0.0771393 0.0821554 0.0782528 0.0769319 0.0704582 0.0339804 0.0000010 0.0763254 0.0264027 0.0206518 0.0000000 0.0323871 0.0446639 0.0518170 0.0817165 0.0989382 0.1256836 0.1129737 0.0639228 0.0206300 0.0279240 0.0724352 0.1108079 
Aneides_aeneus_KF911883.1            0.1738487 0.0733246 0.0777317 0.0751113 0.0831999 0.0788135 0.0863887 0.0787549 0.0796785 0.0790728 0.0791520 0.0808702 0.0770548 0.0830402 0.0799469 0.0817367 0.0828603 0.0854864 0.0838022 0.0841197 0.0869375 0.0804861 0.0815913 0.0768027 0.0044123 0.0323871 0.0823971 0.0448029 0.0399713 0.0323871 0.0000000 0.0512315 0.0559111 0.0948596 0.1018909 0.1341219 0.1186539 0.0728267 0.0439198 0.0389355 0.0789243 0.1192751 
Phaeognathus_hubrichti_AY691700.1    0.1522248 0.0558095 0.0514426 0.0519660 0.0576202 0.0560869 0.0603390 0.0543505 0.0543573 0.0563972 0.0576670 0.0535552 0.0577537 0.0553402 0.0544414 0.0553389 0.0578528 0.0555783 0.0560505 0.0562267 0.0584835 0.0587875 0.0583168 0.0511265 0.0484348 0.0442428 0.0544395 0.0521672 0.0460602 0.0446639 0.0512315 0.0000000 0.0406871 0.0708643 0.0771724 0.1003929 0.0995620 0.0505375 0.0422186 0.0435931 0.0537558 0.0925838 
Desmognathus_fuscus_KR732372.1       0.1602793 0.0701468 0.0667680 0.0697844 0.0752159 0.0714666 0.0763029 0.0755434 0.0756319 0.0760184 0.0790766 0.0747154 0.0792056 0.0766710 0.0756832 0.0748167 0.0784392 0.0788568 0.0763737 0.0767311 0.0781259 0.0793728 0.0778520 0.0678170 0.0564486 0.0518440 0.0777813 0.0627996 0.0536820 0.0518170 0.0559111 0.0406871 0.0000000 0.0833978 0.0929987 0.1105078 0.1112551 0.0654544 0.0437437 0.0419939 0.0684827 0.1070973 
Hydromantes_platycephalus_HM797656.1 0.1524832 0.0775797 0.0810131 0.0803155 0.0848232 0.0845941 0.0879104 0.0868488 0.0856242 0.0865409 0.0867051 0.0877802 0.0874519 0.0879157 0.0888398 0.0869636 0.0879977 0.0909608 0.0880184 0.0900051 0.0920469 0.0953143 0.0897192 0.0818974 0.0902443 0.0808096 0.0869540 0.0938350 0.0849764 0.0817165 0.0948596 0.0708643 0.0833978 0.0000000 0.0932758 0.1206062 0.1152164 0.0779074 0.0779507 0.0827280 0.0816562 0.1099887 
Pseudotriton_ruber_AY650123.1        0.1502143 0.0812786 0.0754329 0.0788910 0.0835437 0.0816360 0.0866315 0.0773911 0.0795870 0.0808537 0.0811290 0.0786098 0.0822070 0.0806437 0.0796156 0.0787538 0.0813149 0.0805790 0.0818549 0.0807099 0.0852572 0.0830891 0.0839244 0.0785987 0.1011553 0.0966218 0.0822047 0.1051564 0.0942115 0.0989382 0.1018909 0.0771724 0.0929987 0.0932758 0.0000000 0.0919771 0.0545487 0.0971696 0.0816376 0.0831298 0.0806576 0.0850866 
Aquiloeurycea_galeanae_KP900137.1    0.1514571 0.0994158 0.0902605 0.0963272 0.1033837 0.1030664 0.1066693 0.1025586 0.1016369 0.1011671 0.1055645 0.1050084 0.1067800 0.1040593 0.1040812 0.1062279 0.1006014 0.1088660 0.1047715 0.1063508 0.1091661 0.1092837 0.1056606 0.1004567 0.1296490 0.1242935 0.1077890 0.1334796 0.1219801 0.1256836 0.1341219 0.1003929 0.1105078 0.1206062 0.0919771 0.0000000 0.1127913 0.1141463 0.1079287 0.1130188 0.1037231 0.0383534 
Eurycea_cirrigera_FJ750238.1         0.1557290 0.0960671 0.0937405 0.0998728 0.0998644 0.0990079 0.1049202 0.1055809 0.1030021 0.1063028 0.1003096 0.1033116 0.1015817 0.1047790 0.1055273 0.1031091 0.1047328 0.1058863 0.1020539 0.1071633 0.1069783 0.1098473 0.1039430 0.0958742 0.1111768 0.1136914 0.1077539 0.1252517 0.1109527 0.1129737 0.1186539 0.0995620 0.1112551 0.1152164 0.0545487 0.1127913 0.0000000 0.1108758 0.1033883 0.1013183 0.0986528 0.0997174 
Ensatina_eschscholtzii_AY650119.1    0.1636087 0.0698393 0.0657407 0.0670927 0.0741104 0.0718116 0.0761226 0.0723457 0.0724303 0.0747209 0.0758327 0.0705007 0.0739231 0.0706013 0.0714472 0.0724060 0.0742942 0.0736370 0.0742458 0.0733612 0.0779409 0.0762709 0.0777018 0.0697299 0.0676540 0.0626118 0.0719987 0.0745381 0.0654303 0.0639228 0.0728267 0.0505375 0.0654544 0.0779074 0.0971696 0.1141463 0.1108758 0.0000000 0.0629288 0.0628046 0.0725114 0.1079278 
Aneides_flavipunctatus_MF946533.1    0.1384993 0.0872787 0.0846143 0.0837940 0.0841812 0.0915185 0.0909468 0.0903102 0.0899160 0.0907767 0.0916122 0.0812086 0.0865428 0.0851904 0.0814092 0.0836053 0.0905880 0.0868754 0.0833020 0.0868840 0.0833192 0.0904948 0.0811685 0.0849140 0.0398031 0.0208839 0.0928879 0.0222699 0.0127669 0.0206300 0.0439198 0.0422186 0.0437437 0.0779507 0.0816376 0.1079287 0.1033883 0.0629288 0.0000000 0.0167472 0.0937849 0.0886832 
Aneides_vagrans_MF946547.1           0.1409517 0.0887597 0.0822894 0.0885795 0.0856637 0.0930205 0.0924393 0.0899081 0.0895176 0.0903702 0.0912052 0.0846610 0.0861614 0.0848144 0.0810540 0.0832371 0.0867966 0.0864909 0.0862730 0.0864994 0.0862908 0.0900909 0.0841159 0.0864606 0.0351847 0.0278042 0.0923965 0.0264476 0.0062705 0.0279240 0.0389355 0.0435931 0.0419939 0.0827280 0.0831298 0.1130188 0.1013183 0.0628046 0.0167472 0.0000000 0.0953757 0.0936022 
Plethodon_asupak_KF911898.1          0.1521387 0.0247628 0.0248907 0.0199019 0.0307727 0.0112484 0.0333319 0.0352187 0.0361662 0.0371943 0.0368946 0.0361393 0.0369495 0.0362056 0.0370221 0.0369407 0.0378441 0.0380796 0.0386751 0.0387967 0.0412948 0.0422717 0.0430495 0.0222844 0.0795881 0.0732843 0.0377520 0.0867005 0.0762390 0.0724352 0.0789243 0.0537558 0.0684827 0.0816562 0.0806576 0.1037231 0.0986528 0.0725114 0.0937849 0.0953757 0.0000000 0.0914116 
Pseudoeurycea_rex_AY650125.1         0.1468576 0.0895155 0.0799836 0.0886518 0.0887839 0.0935144 0.0899474 0.0979260 0.0991870 0.0974664 0.0987176 0.0958906 0.0998659 0.0952740 0.0992344 0.0993107 0.0990037 0.1002429 0.0979155 0.1004165 0.1002152 0.1012141 0.0996610 0.0900285 0.1168384 0.1101540 0.1010232 0.1166492 0.1006056 0.1108079 0.1192751 0.0925838 0.1070973 0.1099887 0.0850866 0.0383534 0.0997174 0.1079278 0.0886832 0.0936022 0.0914116 0.0000000 
