42
Amphiuma_tridactylum_FJ951369.1      0.0000000 0.1437934 0.1385035 0.1419570 0.1452706 0.1530080 0.1513046 0.1531042 0.1532685 0.1519762 0.1521203 0.1563745 0.1548074 0.1576185 0.1586316 0.1566601 0.1537702 0.1533099 0.1569614 0.1568560 0.1630300 0.1553922 0.1623785 0.1439643 0.1712042 0.1718012 0.1597693 0.1745094 0.1614886 0.1736431 0.1740348 0.1523733 0.1604532 0.1526295 0.1503655 0.1516007 0.1558658 0.1637879 0.1386259 0.1410856 0.1522709 0.1469884 
Plethodon_neomexicanus_DQ995044.1    0.1437934 0.0000000 0.0224664 0.0230874 0.0279065 0.0293768 0.0302959 0.0328267 0.0337010 0.0330140 0.0359336 0.0360534 0.0359837 0.0361016 0.0368779 0.0361169 0.0376470 0.0378666 0.0384221 0.0385363 0.0392604 0.0409730 0.0408422 0.0205591 0.0735303 0.0693234 0.0387189 0.0820264 0.0743520 0.0670427 0.0733771 0.0558395 0.0701941 0.0776274 0.0813302 0.0994749 0.0961253 0.0698761 0.0873380 0.0888249 0.0247725 0.0895617 
Plethodon_larselli_DQ995036.1        0.1385035 0.0224664 0.0000000 0.0186009 0.0164646 0.0240918 0.0187252 0.0296206 0.0304766 0.0321889 0.0319251 0.0312349 0.0327516 0.0312762 0.0320422 0.0312898 0.0312360 0.0329914 0.0304252 0.0336651 0.0320157 0.0360601 0.0343915 0.0197954 0.0756095 0.0733327 0.0334675 0.0823017 0.0723088 0.0713392 0.0777915 0.0514695 0.0668118 0.0810700 0.0754788 0.0903171 0.0938059 0.0657809 0.0846742 0.0823509 0.0249020 0.0800310 
Plethodon_vehiculum_AY691716.1       0.1419570 0.0230874 0.0186009 0.0000000 0.0246725 0.0232014 0.0270134 0.0317690 0.0326306 0.0343532 0.0332923 0.0333882 0.0349019 0.0350148 0.0341973 0.0334465 0.0333892 0.0351572 0.0341507 0.0358240 0.0357535 0.0382203 0.0381448 0.0096610 0.0760447 0.0718177 0.0358177 0.0827011 0.0753050 0.0688294 0.0751615 0.0519889 0.0698275 0.0803645 0.0789350 0.0963881 0.0999376 0.0671297 0.0838490 0.0886403 0.0199092 0.0887064 
Plethodon_vandykei_AY691715.1        0.1452706 0.0279065 0.0164646 0.0246725 0.0000000 0.0295961 0.0034481 0.0352814 0.0361708 0.0371438 0.0368345 0.0352512 0.0384849 0.0369930 0.0361741 0.0370087 0.0385458 0.0387719 0.0393246 0.0394422 0.0393628 0.0418930 0.0409989 0.0262802 0.0806640 0.0763151 0.0406588 0.0872519 0.0774141 0.0744374 0.0832621 0.0576488 0.0752649 0.0848776 0.0835948 0.1034456 0.0999319 0.0741526 0.0842346 0.0857227 0.0307860 0.0888357 
Plethodon_elongatus_AY650120.1       0.1530080 0.0293768 0.0240918 0.0232014 0.0295961 0.0000000 0.0312324 0.0377144 0.0386173 0.0404207 0.0408871 0.0377880 0.0409454 0.0378540 0.0386213 0.0394650 0.0410109 0.0396280 0.0417945 0.0402979 0.0434626 0.0443932 0.0459428 0.0246740 0.0786725 0.0722691 0.0415983 0.0851718 0.0760970 0.0711850 0.0788709 0.0561164 0.0715132 0.0846471 0.0816844 0.1031387 0.0990712 0.0718512 0.0915809 0.0930891 0.0112525 0.0935764 
Plethodon_idahoensis_DQ995031.1      0.1513046 0.0302959 0.0187252 0.0270134 0.0034481 0.0312324 0.0000000 0.0377707 0.0386751 0.0404817 0.0393365 0.0377382 0.0410068 0.0378802 0.0386792 0.0395242 0.0410724 0.0413156 0.0418573 0.0419839 0.0418987 0.0428050 0.0427363 0.0287612 0.0827579 0.0793359 0.0425499 0.0893998 0.0823329 0.0775086 0.0864566 0.0603710 0.0763535 0.0879699 0.0866877 0.1067371 0.1049945 0.0761691 0.0910087 0.0925074 0.0333474 0.0900010 
Plethodon_hoffmani_DQ995029.1        0.1531042 0.0328267 0.0296206 0.0317690 0.0352814 0.0377144 0.0377707 0.0000000 0.0048749 0.0062823 0.0083808 0.0098321 0.0076812 0.0112810 0.0105547 0.0098490 0.0083697 0.0127684 0.0119748 0.0120062 0.0134255 0.0149250 0.0156071 0.0297711 0.0784256 0.0760365 0.0107472 0.0851915 0.0768848 0.0751024 0.0788190 0.0543800 0.0755970 0.0869112 0.0774431 0.1026190 0.1056595 0.0723909 0.0903789 0.0899776 0.0352348 0.0979937 
Plethodon_cinereus_DQ995021.1        0.1532685 0.0337010 0.0304766 0.0326306 0.0361708 0.0386173 0.0386751 0.0048749 0.0000000 0.0077467 0.0091120 0.0091386 0.0084098 0.0120299 0.0112994 0.0091542 0.0077099 0.0120707 0.0127254 0.0127590 0.0141837 0.0156932 0.0163763 0.0306771 0.0774079 0.0760420 0.0099900 0.0842559 0.0768901 0.0751082 0.0797438 0.0543872 0.0756869 0.0856845 0.0796445 0.1016972 0.1030765 0.0724768 0.0899842 0.0895866 0.0361836 0.0992579 
Plethodon_shenandoah_DQ995062.1      0.1519762 0.0330140 0.0321889 0.0343532 0.0371438 0.0404207 0.0404817 0.0062823 0.0077467 0.0000000 0.0098447 0.0105726 0.0084272 0.0120296 0.0112991 0.0105907 0.0083883 0.0135269 0.0127251 0.0127587 0.0141833 0.0156927 0.0149117 0.0316494 0.0796700 0.0754552 0.0115604 0.0834722 0.0752088 0.0744913 0.0791358 0.0564287 0.0760717 0.0866039 0.0809115 0.1012228 0.1063865 0.0747709 0.0908411 0.0904355 0.0372122 0.0975303 
Plethodon_richmondi_DQ995054.1       0.1521203 0.0359336 0.0319251 0.0332923 0.0368345 0.0408871 0.0393365 0.0083808 0.0091120 0.0098447 0.0000000 0.0112489 0.0055335 0.0141542 0.0134194 0.0112681 0.0112457 0.0142023 0.0148476 0.0148870 0.0163127 0.0178344 0.0185136 0.0305530 0.0778692 0.0764300 0.0122969 0.0875399 0.0772726 0.0755199 0.0792166 0.0577011 0.0791366 0.0867724 0.0811901 0.1056340 0.1003833 0.0758837 0.0916805 0.0912744 0.0369127 0.0987889 
Plethodon_jordani_DQ995032.1         0.1563745 0.0360534 0.0312349 0.0333882 0.0352512 0.0377880 0.0377382 0.0098321 0.0091386 0.0105726 0.0112489 0.0000000 0.0098321 0.0041485 0.0034503 0.0027589 0.0112787 0.0041617 0.0119432 0.0048476 0.0133899 0.0148852 0.0155656 0.0306536 0.0775850 0.0720205 0.0022511 0.0789819 0.0749525 0.0718746 0.0809380 0.0535846 0.0747688 0.0878468 0.0786669 0.1050752 0.1033873 0.0705460 0.0812681 0.0847253 0.0361567 0.0959588 
Plethodon_hubrichti_DQ995030.1       0.1548074 0.0359837 0.0327516 0.0349019 0.0384849 0.0409454 0.0410068 0.0076812 0.0084098 0.0084272 0.0055335 0.0098321 0.0000000 0.0127252 0.0119940 0.0098489 0.0112597 0.0127683 0.0148664 0.0134547 0.0163334 0.0178573 0.0185373 0.0322470 0.0759202 0.0744598 0.0107471 0.0855188 0.0752996 0.0734654 0.0771179 0.0577885 0.0792667 0.0875189 0.0822696 0.1068509 0.1016554 0.0739730 0.0866105 0.0862299 0.0369681 0.0999387 
Plethodon_kentucki_DQ995033.1        0.1576185 0.0361016 0.0312762 0.0350148 0.0369930 0.0378540 0.0378802 0.0112810 0.0120299 0.0120296 0.0141542 0.0041485 0.0127252 0.0000000 0.0048490 0.0055535 0.0141923 0.0069834 0.0126398 0.0062580 0.0148577 0.0149041 0.0170477 0.0323657 0.0795867 0.0761116 0.0052895 0.0831158 0.0769607 0.0761544 0.0831112 0.0553713 0.0767269 0.0879814 0.0807036 0.1041259 0.1048586 0.0706460 0.0852559 0.0848806 0.0362238 0.0953406 
Plethodon_yonahlossee_AY691718.1     0.1586316 0.0368779 0.0320422 0.0341973 0.0361741 0.0386213 0.0386792 0.0105547 0.0112994 0.0112991 0.0134194 0.0034503 0.0119940 0.0048490 0.0000000 0.0048498 0.0134553 0.0062725 0.0126699 0.0055516 0.0141217 0.0156241 0.0148520 0.0315054 0.0786111 0.0732434 0.0045242 0.0802359 0.0740896 0.0731533 0.0800140 0.0544707 0.0757364 0.0889059 0.0796725 0.1041475 0.1056035 0.0714923 0.0814674 0.0811129 0.0370395 0.0993045 
Plethodon_cylindraceus_DQ995022.1    0.1566601 0.0361169 0.0312898 0.0334465 0.0370087 0.0394650 0.0395242 0.0098490 0.0091542 0.0105907 0.0112681 0.0027589 0.0098489 0.0055535 0.0048498 0.0000000 0.0112980 0.0055725 0.0119636 0.0062587 0.0134128 0.0149108 0.0155922 0.0314383 0.0795767 0.0761029 0.0030017 0.0831044 0.0769517 0.0749097 0.0818051 0.0553692 0.0748682 0.0870311 0.0788119 0.1062958 0.1031854 0.0724524 0.0836677 0.0833002 0.0369584 0.0993807 
Plethodon_serratus_DQ995057.1        0.1537702 0.0376470 0.0312360 0.0333892 0.0385458 0.0410109 0.0410724 0.0083697 0.0077099 0.0083883 0.0112457 0.0112787 0.0112597 0.0141923 0.0134553 0.0112980 0.0000000 0.0142406 0.0148875 0.0149271 0.0163568 0.0178831 0.0185641 0.0323082 0.0812830 0.0790252 0.0123327 0.0861796 0.0769246 0.0782213 0.0829317 0.0578864 0.0784982 0.0880627 0.0813728 0.1006614 0.1048151 0.0743441 0.0906584 0.0868673 0.0378629 0.0990747 
Plethodon_ouachitae_AY691704.1       0.1533099 0.0378666 0.0329914 0.0351572 0.0387719 0.0396280 0.0413156 0.0127684 0.0120707 0.0135269 0.0142023 0.0041617 0.0127683 0.0069834 0.0062725 0.0055725 0.0142406 0.0000000 0.0149014 0.0055528 0.0163721 0.0179000 0.0185815 0.0325039 0.0818323 0.0783523 0.0037738 0.0853920 0.0792068 0.0785005 0.0855614 0.0556112 0.0789158 0.0910321 0.0806377 0.1089398 0.1059637 0.0736873 0.0869406 0.0865569 0.0380995 0.1003150 
Plethodon_wehrlei_DQ995075.1         0.1569614 0.0384221 0.0304252 0.0341507 0.0393246 0.0417945 0.0418573 0.0119748 0.0127254 0.0127251 0.0148476 0.0119432 0.0148664 0.0126398 0.0126699 0.0119636 0.0148875 0.0149014 0.0000000 0.0141297 0.0126596 0.0140862 0.0148280 0.0331163 0.0840615 0.0789683 0.0130550 0.0862326 0.0779063 0.0771822 0.0838703 0.0560800 0.0764246 0.0880866 0.0819080 0.1048341 0.1021265 0.0742929 0.0833623 0.0863344 0.0386927 0.0979784 
Plethodon_petraeus_DQ995049.1        0.1568560 0.0385363 0.0336651 0.0358240 0.0394422 0.0402979 0.0419839 0.0120062 0.0127590 0.0127587 0.0148870 0.0048476 0.0134547 0.0062580 0.0055516 0.0062587 0.0149271 0.0055528 0.0141297 0.0000000 0.0155915 0.0171081 0.0177881 0.0332181 0.0824871 0.0771079 0.0052806 0.0841203 0.0779585 0.0771973 0.0841921 0.0562585 0.0767878 0.0900757 0.0807707 0.1064220 0.1072476 0.0734097 0.0869518 0.0865679 0.0388159 0.1004914 
Plethodon_dorsalis_DQ995023.1        0.1630300 0.0392604 0.0320157 0.0357535 0.0393628 0.0434626 0.0418987 0.0134255 0.0141837 0.0141833 0.0163127 0.0133899 0.0163334 0.0148577 0.0141217 0.0134128 0.0163568 0.0163721 0.0126596 0.0155915 0.0000000 0.0170703 0.0062342 0.0356513 0.0860457 0.0828486 0.0146407 0.0901417 0.0817679 0.0822153 0.0870094 0.0585138 0.0781801 0.0921153 0.0853178 0.1092356 0.1070555 0.0779909 0.0833791 0.0863518 0.0413141 0.1002843 
Plethodon_websteri_DQ995073.1        0.1553922 0.0409730 0.0360601 0.0382203 0.0418930 0.0443932 0.0428050 0.0149250 0.0156932 0.0156927 0.0178344 0.0148852 0.0178573 0.0149041 0.0156241 0.0149108 0.0178831 0.0179000 0.0140862 0.0171081 0.0170703 0.0000000 0.0178045 0.0365879 0.0823424 0.0791112 0.0131140 0.0883297 0.0799646 0.0783101 0.0805499 0.0588217 0.0794303 0.0953916 0.0831491 0.1093550 0.1099307 0.0763214 0.0905594 0.0901563 0.0422945 0.1012854 
Plethodon_welleri_AY691717.1         0.1623785 0.0408422 0.0343915 0.0381448 0.0409989 0.0459428 0.0427363 0.0156071 0.0163763 0.0149117 0.0185136 0.0155656 0.0185373 0.0170477 0.0148520 0.0155922 0.0185641 0.0185815 0.0148280 0.0177881 0.0062342 0.0178045 0.0000000 0.0373510 0.0801438 0.0787769 0.0170257 0.0860230 0.0785853 0.0769872 0.0816578 0.0583469 0.0779029 0.0897832 0.0839816 0.1057255 0.1040152 0.0777513 0.0812247 0.0841731 0.0430713 0.0997268 
Plethodon_dunni_KF911900.1           0.1439643 0.0205591 0.0197954 0.0096610 0.0262802 0.0246740 0.0287612 0.0297711 0.0306771 0.0316494 0.0305530 0.0306536 0.0322470 0.0323657 0.0315054 0.0314383 0.0323082 0.0325039 0.0331163 0.0332181 0.0356513 0.0365879 0.0373510 0.0000000 0.0766706 0.0705015 0.0326865 0.0836248 0.0752905 0.0705015 0.0768559 0.0511507 0.0678583 0.0819472 0.0786465 0.1005165 0.0959332 0.0697692 0.0849590 0.0865113 0.0222934 0.0900801 
Aneides_aeneus_AY691701.1            0.1712042 0.0735303 0.0756095 0.0760447 0.0806640 0.0786725 0.0827579 0.0784256 0.0774079 0.0796700 0.0778692 0.0775850 0.0759202 0.0795867 0.0786111 0.0795767 0.0812830 0.0818323 0.0840615 0.0824871 0.0860457 0.0823424 0.0801438 0.0766706 0.0000000 0.0348465 0.0787038 0.0433820 0.0388217 0.0339992 0.0044138 0.0484637 0.0564881 0.0903161 0.1012494 0.1297668 0.1112726 0.0676976 0.0398315 0.0352093 0.0796464 0.1169385 
Aneides_hardii_EU275780.1            0.1718012 0.0693234 0.0733327 0.0718177 0.0763151 0.0722691 0.0793359 0.0760365 0.0760420 0.0754552 0.0764300 0.0720205 0.0744598 0.0761116 0.0732434 0.0761029 0.0790252 0.0783523 0.0789683 0.0771079 0.0828486 0.0791112 0.0787769 0.0705015 0.0348465 0.0000000 0.0761270 0.0275993 0.0212643 0.0000010 0.0324050 0.0442674 0.0518758 0.0808674 0.0967059 0.1244013 0.1137808 0.0626500 0.0208948 0.0278213 0.0733312 0.1102455 
Plethodon_glutinosus_DQ995027.1      0.1597693 0.0387189 0.0334675 0.0358177 0.0406588 0.0415983 0.0425499 0.0107472 0.0099900 0.0115604 0.0122969 0.0022511 0.0107471 0.0052895 0.0045242 0.0030017 0.0123327 0.0037738 0.0130550 0.0052806 0.0146407 0.0131140 0.0170257 0.0326865 0.0787038 0.0761270 0.0000000 0.0825068 0.0781093 0.0763810 0.0824647 0.0544688 0.0778373 0.0870219 0.0822668 0.1078569 0.1078379 0.0720444 0.0929541 0.0924638 0.0377693 0.1010927 
Aneides_lugubris_AY650118.1          0.1745094 0.0820264 0.0823017 0.0827011 0.0872519 0.0851718 0.0893998 0.0851915 0.0842559 0.0834722 0.0875399 0.0789819 0.0855188 0.0831158 0.0802359 0.0831044 0.0861796 0.0853920 0.0862326 0.0841203 0.0901417 0.0883297 0.0860230 0.0836248 0.0433820 0.0275993 0.0825068 0.0000000 0.0251435 0.0264161 0.0448305 0.0521972 0.0628401 0.0939047 0.1052483 0.1336032 0.1253525 0.0745881 0.0222808 0.0264619 0.0867576 0.1167461 
Aneides_ferreus_EU275805.1           0.1614886 0.0743520 0.0723088 0.0753050 0.0774141 0.0760970 0.0823329 0.0768848 0.0768901 0.0752088 0.0772726 0.0749525 0.0752996 0.0769607 0.0740896 0.0769517 0.0769246 0.0792068 0.0779063 0.0779585 0.0817679 0.0799646 0.0785853 0.0752905 0.0388217 0.0212643 0.0781093 0.0251435 0.0000000 0.0206610 0.0399926 0.0460857 0.0537152 0.0850342 0.0942892 0.1220865 0.1110380 0.0654702 0.0127723 0.0062728 0.0762855 0.1006851 
Aneides_hardii_KC165585.1            0.1736431 0.0670427 0.0713392 0.0688294 0.0744374 0.0711850 0.0775086 0.0751024 0.0751082 0.0744913 0.0755199 0.0718746 0.0734654 0.0761544 0.0731533 0.0749097 0.0782213 0.0785005 0.0771822 0.0771973 0.0822153 0.0783101 0.0769872 0.0705015 0.0339992 0.0000010 0.0763810 0.0264161 0.0206610 0.0000000 0.0324050 0.0446893 0.0518505 0.0817755 0.0990267 0.1257933 0.1130624 0.0639627 0.0206407 0.0279411 0.0724805 0.1108999 
Aneides_aeneus_KF911883.1            0.1740348 0.0733771 0.0777915 0.0751615 0.0832621 0.0788709 0.0864566 0.0788190 0.0797438 0.0791358 0.0792166 0.0809380 0.0771179 0.0831112 0.0800140 0.0818051 0.0829317 0.0855614 0.0838703 0.0841921 0.0870094 0.0805499 0.0816578 0.0768559 0.0044138 0.0324050 0.0824647 0.0448305 0.0399926 0.0324050 0.0000000 0.0512642 0.0559519 0.0949387 0.1019906 0.1342474 0.1187627 0.0728773 0.0439524 0.0389639 0.0789799 0.1193804 
Phaeognathus_hubrichti_AY691700.1    0.1523733 0.0558395 0.0514695 0.0519889 0.0576488 0.0561164 0.0603710 0.0543800 0.0543872 0.0564287 0.0577011 0.0535846 0.0577885 0.0553713 0.0544707 0.0553692 0.0578864 0.0556112 0.0560800 0.0562585 0.0585138 0.0588217 0.0583469 0.0511507 0.0484637 0.0442674 0.0544688 0.0521972 0.0460857 0.0446893 0.0512642 0.0000000 0.0407091 0.0709107 0.0772299 0.1004702 0.0996365 0.0505656 0.0422422 0.0436194 0.0537853 0.0926550 
Desmognathus_fuscus_KR732372.1       0.1604532 0.0701941 0.0668118 0.0698275 0.0752649 0.0715132 0.0763535 0.0755970 0.0756869 0.0760717 0.0791366 0.0747688 0.0792667 0.0767269 0.0757364 0.0748682 0.0784982 0.0789158 0.0764246 0.0767878 0.0781801 0.0794303 0.0779029 0.0678583 0.0564881 0.0518758 0.0778373 0.0628401 0.0537152 0.0518505 0.0559519 0.0407091 0.0000000 0.0834622 0.0930784 0.1105970 0.1113540 0.0654968 0.0437710 0.0420214 0.0685280 0.1071845 
Hydromantes_platycephalus_HM797656.1 0.1526295 0.0776274 0.0810700 0.0803645 0.0848776 0.0846471 0.0879699 0.0869112 0.0856845 0.0866039 0.0867724 0.0878468 0.0875189 0.0879814 0.0889059 0.0870311 0.0880627 0.0910321 0.0880866 0.0900757 0.0921153 0.0953916 0.0897832 0.0819472 0.0903161 0.0808674 0.0870219 0.0939047 0.0850342 0.0817755 0.0949387 0.0709107 0.0834622 0.0000000 0.0933568 0.1206942 0.1153178 0.0779592 0.0780108 0.0827944 0.0817084 0.1100677 
Pseudotriton_ruber_AY650123.1        0.1503655 0.0813302 0.0754788 0.0789350 0.0835948 0.0816844 0.0866877 0.0774431 0.0796445 0.0809115 0.0811901 0.0786669 0.0822696 0.0807036 0.0796725 0.0788119 0.0813728 0.0806377 0.0819080 0.0807707 0.0853178 0.0831491 0.0839816 0.0786465 0.1012494 0.0967059 0.0822668 0.1052483 0.0942892 0.0990267 0.1019906 0.0772299 0.0930784 0.0933568 0.0000000 0.0920447 0.0545776 0.0972471 0.0817038 0.0832018 0.0807093 0.0851499 
Aquiloeurycea_galeanae_KP900137.1    0.1516007 0.0994749 0.0903171 0.0963881 0.1034456 0.1031387 0.1067371 0.1026190 0.1016972 0.1012228 0.1056340 0.1050752 0.1068509 0.1041259 0.1041475 0.1062958 0.1006614 0.1089398 0.1048341 0.1064220 0.1092356 0.1093550 0.1057255 0.1005165 0.1297668 0.1244013 0.1078569 0.1336032 0.1220865 0.1257933 0.1342474 0.1004702 0.1105970 0.1206942 0.0920447 0.0000000 0.1128799 0.1142396 0.1080266 0.1131251 0.1037971 0.0383740 
Eurycea_cirrigera_FJ750238.1         0.1558658 0.0961253 0.0938059 0.0999376 0.0999319 0.0990712 0.1049945 0.1056595 0.1030765 0.1063865 0.1003833 0.1033873 0.1016554 0.1048586 0.1056035 0.1031854 0.1048151 0.1059637 0.1021265 0.1072476 0.1070555 0.1099307 0.1040152 0.0959332 0.1112726 0.1137808 0.1078379 0.1253525 0.1110380 0.1130624 0.1187627 0.0996365 0.1113540 0.1153178 0.0545776 0.1128799 0.0000000 0.1109626 0.1034647 0.1013948 0.0987137 0.0997888 
Ensatina_eschscholtzii_AY650119.1    0.1637879 0.0698761 0.0657809 0.0671297 0.0741526 0.0718512 0.0761691 0.0723909 0.0724768 0.0747709 0.0758837 0.0705460 0.0739730 0.0706460 0.0714923 0.0724524 0.0743441 0.0736873 0.0742929 0.0734097 0.0779909 0.0763214 0.0777513 0.0697692 0.0676976 0.0626500 0.0720444 0.0745881 0.0654702 0.0639627 0.0728773 0.0505656 0.0654968 0.0779592 0.0972471 0.1142396 0.1109626 0.0000000 0.0629722 0.0628517 0.0725540 0.1080171 
Aneides_flavipunctatus_MF946533.1    0.1386259 0.0873380 0.0846742 0.0838490 0.0842346 0.0915809 0.0910087 0.0903789 0.0899842 0.0908411 0.0916805 0.0812681 0.0866105 0.0852559 0.0814674 0.0836677 0.0906584 0.0869406 0.0833623 0.0869518 0.0833791 0.0905594 0.0812247 0.0849590 0.0398315 0.0208948 0.0929541 0.0222808 0.0127723 0.0206407 0.0439524 0.0422422 0.0437710 0.0780108 0.0817038 0.1080266 0.1034647 0.0629722 0.0000000 0.0167550 0.0938493 0.0887583 
Aneides_vagrans_MF946547.1           0.1410856 0.0888249 0.0823509 0.0886403 0.0857227 0.0930891 0.0925074 0.0899776 0.0895866 0.0904355 0.0912744 0.0847253 0.0862299 0.0848806 0.0811129 0.0833002 0.0868673 0.0865569 0.0863344 0.0865679 0.0863518 0.0901563 0.0841731 0.0865113 0.0352093 0.0278213 0.0924638 0.0264619 0.0062728 0.0279411 0.0389639 0.0436194 0.0420214 0.0827944 0.0832018 0.1131251 0.1013948 0.0628517 0.0167550 0.0000000 0.0954469 0.0936846 
Plethodon_asupak_KF911898.1          0.1522709 0.0247725 0.0249020 0.0199092 0.0307860 0.0112525 0.0333474 0.0352348 0.0361836 0.0372122 0.0369127 0.0361567 0.0369681 0.0362238 0.0370395 0.0369584 0.0378629 0.0380995 0.0386927 0.0388159 0.0413141 0.0422945 0.0430713 0.0222934 0.0796464 0.0733312 0.0377693 0.0867576 0.0762855 0.0724805 0.0789799 0.0537853 0.0685280 0.0817084 0.0807093 0.1037971 0.0987137 0.0725540 0.0938493 0.0954469 0.0000000 0.0914707 
Pseudoeurycea_rex_AY650125.1         0.1469884 0.0895617 0.0800310 0.0887064 0.0888357 0.0935764 0.0900010 0.0979937 0.0992579 0.0975303 0.0987889 0.0959588 0.0999387 0.0953406 0.0993045 0.0993807 0.0990747 0.1003150 0.0979784 0.1004914 0.1002843 0.1012854 0.0997268 0.0900801 0.1169385 0.1102455 0.1010927 0.1167461 0.1006851 0.1108999 0.1193804 0.0926550 0.1071845 0.1100677 0.0851499 0.0383740 0.0997888 0.1080171 0.0887583 0.0936846 0.0914707 0.0000000 
