42
Plethodon_neomexicanus_DQ995044.1    0.0000000 0.0224582 0.0230796 0.0278952 0.0293648 0.0302828 0.0328102 0.0336836 0.0329971 0.0359148 0.0360343 0.0359646 0.0360823 0.0368581 0.0360978 0.0376263 0.0378444 0.0384014 0.0385147 0.0392390 0.0409485 0.0408197 0.0205527 0.0734659 0.0692686 0.0386975 0.0819529 0.0742945 0.0669910 0.0733104 0.0558030 0.0701389 0.0775658 0.0812513 0.0993830 0.0960353 0.0698260 0.1435890 0.0872628 0.0887466 0.0247635 0.0894877 
Plethodon_larselli_DQ995036.1        0.0224582 0.0000000 0.0185953 0.0164599 0.0240825 0.0187193 0.0296072 0.0304624 0.0321728 0.0319098 0.0312201 0.0327355 0.0312613 0.0320268 0.0312750 0.0312207 0.0329738 0.0304113 0.0336481 0.0320006 0.0360406 0.0343745 0.0197894 0.0755415 0.0732705 0.0334511 0.0822275 0.0722496 0.0712789 0.0777161 0.0514389 0.0667607 0.0809993 0.0754111 0.0902380 0.0937110 0.0657320 0.1383171 0.0845990 0.0822794 0.0248920 0.0799631 
Plethodon_vehiculum_AY691716.1       0.0230796 0.0185953 0.0000000 0.0246639 0.0231933 0.0270034 0.0317555 0.0326162 0.0343369 0.0332771 0.0333732 0.0348856 0.0349983 0.0341817 0.0334315 0.0333737 0.0351385 0.0341353 0.0358068 0.0357369 0.0382006 0.0381252 0.0096589 0.0759789 0.0717608 0.0358013 0.0826294 0.0752461 0.0687758 0.0750939 0.0519602 0.0697751 0.0802990 0.0788636 0.0962977 0.0998378 0.0670818 0.1417582 0.0837777 0.0885628 0.0199028 0.0886237 
Plethodon_vandykei_AY691715.1        0.0278952 0.0164599 0.0246639 0.0000000 0.0295834 0.0034476 0.0352639 0.0361522 0.0371236 0.0368151 0.0352336 0.0384641 0.0369736 0.0361551 0.0369894 0.0385250 0.0387494 0.0393038 0.0394204 0.0393418 0.0418683 0.0409759 0.0262710 0.0805875 0.0762485 0.0406366 0.0871693 0.0773456 0.0743726 0.0831769 0.0576118 0.0752022 0.0848033 0.0835122 0.1033436 0.0998266 0.0740936 0.1450618 0.0841638 0.0856488 0.0307722 0.0887535 
Plethodon_elongatus_AY650120.1       0.0293648 0.0240825 0.0231933 0.0295834 0.0000000 0.0312183 0.0376947 0.0385965 0.0403976 0.0408644 0.0377675 0.0409223 0.0378328 0.0386001 0.0394434 0.0409876 0.0396041 0.0417714 0.0402747 0.0434380 0.0443658 0.0459156 0.0246650 0.0785978 0.0722091 0.0415746 0.0850925 0.0760325 0.0711261 0.0787939 0.0560787 0.0714549 0.0845748 0.0816051 0.1030282 0.0989730 0.0717973 0.1527745 0.0914955 0.0930003 0.0112498 0.0934800 
Plethodon_idahoensis_DQ995031.1      0.0302828 0.0187193 0.0270034 0.0034476 0.0312183 0.0000000 0.0377509 0.0386542 0.0404584 0.0393147 0.0377182 0.0409835 0.0378599 0.0386578 0.0395025 0.0410491 0.0412905 0.0418340 0.0419596 0.0418751 0.0427794 0.0427113 0.0287504 0.0826770 0.0792642 0.0425258 0.0893126 0.0822572 0.0774387 0.0863654 0.0603306 0.0762891 0.0878904 0.0865992 0.1066287 0.1048801 0.0761063 0.1510823 0.0909277 0.0924231 0.0333315 0.0899167 
Plethodon_hoffmani_DQ995029.1        0.0328102 0.0296072 0.0317555 0.0352639 0.0376947 0.0377509 0.0000000 0.0048740 0.0062811 0.0083791 0.0098300 0.0076796 0.0112783 0.0105523 0.0098468 0.0083682 0.0127648 0.0119720 0.0120032 0.0134223 0.0149205 0.0156030 0.0297584 0.0783452 0.0759647 0.0107449 0.0851042 0.0768129 0.0750312 0.0787341 0.0543436 0.0755300 0.0868264 0.0773641 0.1025177 0.1055374 0.0723315 0.1528812 0.0902896 0.0898906 0.0352163 0.0978875 
Plethodon_cinereus_DQ995021.1        0.0336836 0.0304624 0.0326162 0.0361522 0.0385965 0.0386542 0.0048740 0.0000000 0.0077449 0.0091101 0.0091366 0.0084080 0.0120268 0.0112966 0.0091522 0.0077083 0.0120673 0.0127223 0.0127556 0.0141802 0.0156882 0.0163718 0.0306636 0.0773313 0.0759710 0.0099879 0.0841706 0.0768190 0.0750379 0.0796592 0.0543513 0.0756196 0.0856043 0.0795599 0.1015976 0.1029614 0.0724172 0.1530452 0.0898978 0.0895025 0.0361641 0.0991487 
Plethodon_shenandoah_DQ995062.1      0.0329971 0.0321728 0.0343369 0.0371236 0.0403976 0.0404584 0.0062811 0.0077449 0.0000000 0.0098425 0.0105702 0.0084254 0.0120267 0.0112965 0.0105883 0.0083867 0.0135231 0.0127221 0.0127554 0.0141799 0.0156878 0.0149080 0.0316347 0.0795879 0.0753841 0.0115579 0.0833890 0.0751408 0.0744208 0.0790510 0.0563892 0.0760034 0.0865171 0.0808241 0.1011236 0.1062580 0.0747057 0.1517522 0.0907523 0.0903489 0.0371911 0.0974257 
Plethodon_richmondi_DQ995054.1       0.0359148 0.0319098 0.0332771 0.0368151 0.0408644 0.0393147 0.0083791 0.0091101 0.0098425 0.0000000 0.0112462 0.0055326 0.0141504 0.0134159 0.0112654 0.0112430 0.0141981 0.0148438 0.0148828 0.0163083 0.0178285 0.0185082 0.0305394 0.0777924 0.0763601 0.0122941 0.0874499 0.0772027 0.0754507 0.0791339 0.0576606 0.0790639 0.0866861 0.0811027 0.1055249 0.1002716 0.0758191 0.1518944 0.0915923 0.0911885 0.0368923 0.0986808 
Plethodon_jordani_DQ995032.1         0.0360343 0.0312201 0.0333732 0.0352336 0.0377675 0.0377182 0.0098300 0.0091366 0.0105702 0.0112462 0.0000000 0.0098297 0.0041478 0.0034498 0.0027586 0.0112759 0.0041610 0.0119407 0.0048468 0.0133870 0.0148810 0.0155618 0.0306400 0.0775055 0.0719544 0.0022508 0.0789051 0.0748826 0.0718084 0.0808490 0.0535488 0.0747026 0.0877592 0.0785828 0.1049661 0.1032687 0.0704883 0.1561358 0.0811950 0.0846472 0.0361369 0.0958550 
Plethodon_hubrichti_DQ995030.1       0.0359646 0.0327355 0.0348856 0.0384641 0.0409223 0.0409835 0.0076796 0.0084080 0.0084254 0.0055326 0.0098297 0.0000000 0.0127217 0.0119908 0.0098465 0.0112569 0.0127645 0.0148624 0.0134509 0.0163289 0.0178512 0.0185317 0.0322323 0.0758464 0.0743926 0.0107446 0.0854320 0.0752324 0.0733991 0.0770385 0.0577473 0.0791930 0.0874332 0.0821798 0.1067391 0.1015424 0.0739110 0.1545743 0.0865277 0.0861492 0.0369473 0.0998279 
Plethodon_kentucki_DQ995033.1        0.0360823 0.0312613 0.0349983 0.0369736 0.0378328 0.0378599 0.0112783 0.0120268 0.0120267 0.0141504 0.0041478 0.0127217 0.0000000 0.0048481 0.0055526 0.0141883 0.0069818 0.0126372 0.0062567 0.0148542 0.0148998 0.0170433 0.0323505 0.0795031 0.0760380 0.0052887 0.0830308 0.0768869 0.0760803 0.0830176 0.0553331 0.0766571 0.0878933 0.0806153 0.1040180 0.1047353 0.0705879 0.1573780 0.0851734 0.0848003 0.0362033 0.0952371 
Plethodon_yonahlossee_AY691718.1     0.0368581 0.0320268 0.0341817 0.0361551 0.0386001 0.0386578 0.0105523 0.0112966 0.0112965 0.0134159 0.0034498 0.0119908 0.0048481 0.0000000 0.0048490 0.0134517 0.0062712 0.0126671 0.0055506 0.0141185 0.0156195 0.0148483 0.0314911 0.0785287 0.0731741 0.0045236 0.0801555 0.0740201 0.0730837 0.0799257 0.0544339 0.0756688 0.0888166 0.0795867 0.1040388 0.1054826 0.0714333 0.1583895 0.0813939 0.0810414 0.0370189 0.0991937 
Plethodon_cylindraceus_DQ995022.1    0.0360978 0.0312750 0.0334315 0.0369894 0.0394434 0.0395025 0.0098468 0.0091522 0.0105883 0.0112654 0.0027586 0.0098465 0.0055526 0.0048490 0.0000000 0.0112953 0.0055715 0.0119610 0.0062576 0.0134098 0.0149065 0.0155884 0.0314243 0.0794948 0.0760308 0.0030013 0.0830212 0.0768795 0.0748389 0.0817153 0.0553320 0.0748031 0.0869445 0.0787276 0.1061853 0.1030675 0.0723929 0.1564211 0.0835901 0.0832247 0.0369382 0.0992712 
Plethodon_serratus_DQ995057.1        0.0376263 0.0312207 0.0333737 0.0385250 0.0409876 0.0410491 0.0083682 0.0077083 0.0083867 0.0112430 0.0112759 0.0112569 0.0141883 0.0134517 0.0112953 0.0000000 0.0142363 0.0148835 0.0149228 0.0163522 0.0178770 0.0185585 0.0322931 0.0811977 0.0789468 0.0123297 0.0860909 0.0768524 0.0781433 0.0828386 0.0578450 0.0784251 0.0879743 0.0812857 0.1005620 0.1046905 0.0742800 0.1535394 0.0905672 0.0867821 0.0378414 0.0989652 
Plethodon_ouachitae_AY691704.1       0.0378444 0.0329738 0.0351385 0.0387494 0.0396041 0.0412905 0.0127648 0.0120673 0.0135231 0.0141981 0.0041610 0.0127645 0.0069818 0.0062712 0.0055715 0.0142363 0.0000000 0.0148974 0.0055518 0.0163676 0.0178939 0.0185760 0.0324874 0.0817425 0.0782727 0.0037732 0.0853006 0.0791272 0.0784202 0.0854606 0.0555706 0.0788405 0.0909375 0.0805499 0.1088185 0.1058398 0.0736221 0.1530828 0.0868565 0.0864749 0.0380763 0.1002020 
Plethodon_wehrlei_DQ995075.1         0.0384014 0.0304113 0.0341353 0.0393038 0.0417714 0.0418340 0.0119720 0.0127223 0.0127221 0.0148438 0.0119407 0.0148624 0.0126372 0.0126671 0.0119610 0.0148835 0.0148974 0.0000000 0.0141263 0.0126570 0.0140829 0.0148246 0.0331013 0.0839729 0.0788914 0.0130524 0.0861434 0.0778327 0.0771069 0.0837776 0.0560422 0.0763583 0.0879968 0.0818240 0.1047277 0.1020109 0.0742301 0.1567272 0.0832853 0.0862560 0.0386713 0.0978739 
Plethodon_petraeus_DQ995049.1        0.0385147 0.0336481 0.0358068 0.0394204 0.0402747 0.0419596 0.0120032 0.0127556 0.0127554 0.0148828 0.0048468 0.0134509 0.0062567 0.0055506 0.0062576 0.0149228 0.0055518 0.0141263 0.0000000 0.0155876 0.0171027 0.0177833 0.0332022 0.0823979 0.0770324 0.0052799 0.0840333 0.0778829 0.0771212 0.0840961 0.0562191 0.0767173 0.0899827 0.0806815 0.1063077 0.1071190 0.0733472 0.1566213 0.0868666 0.0864849 0.0387934 0.1003764 
Plethodon_dorsalis_DQ995023.1        0.0392390 0.0320006 0.0357369 0.0393418 0.0434380 0.0418751 0.0134223 0.0141802 0.0141799 0.0163083 0.0133870 0.0163289 0.0148542 0.0141185 0.0134098 0.0163522 0.0163676 0.0126570 0.0155876 0.0000000 0.0170655 0.0062333 0.0356347 0.0859536 0.0827664 0.0146375 0.0900467 0.0816891 0.0821333 0.0869116 0.0584745 0.0781111 0.0920212 0.0852243 0.1091201 0.1069314 0.0779236 0.1627828 0.0833022 0.0862736 0.0412906 0.1001726 
Plethodon_websteri_DQ995073.1        0.0409485 0.0360406 0.0382006 0.0418683 0.0443658 0.0427794 0.0149205 0.0156882 0.0156878 0.0178285 0.0148810 0.0178512 0.0148998 0.0156195 0.0149065 0.0178770 0.0178939 0.0140829 0.0171027 0.0170655 0.0000000 0.0177993 0.0365679 0.0822549 0.0790333 0.0131105 0.0882356 0.0798866 0.0782326 0.0804648 0.0587790 0.0793572 0.0952882 0.0830595 0.1092376 0.1097981 0.0762543 0.1551634 0.0904709 0.0900701 0.0422682 0.1011715 
Plethodon_welleri_AY691717.1         0.0408197 0.0343745 0.0381252 0.0409759 0.0459156 0.0427113 0.0156030 0.0163718 0.0149080 0.0185082 0.0155618 0.0185317 0.0170433 0.0148483 0.0155884 0.0185585 0.0185760 0.0148246 0.0177833 0.0062333 0.0177993 0.0000000 0.0373326 0.0800614 0.0787016 0.0170217 0.0859356 0.0785128 0.0769135 0.0815695 0.0583084 0.0778364 0.0896946 0.0838929 0.1056176 0.1038999 0.0776853 0.1621357 0.0811530 0.0841002 0.0430457 0.0996202 
Plethodon_dunni_KF911900.1           0.0205527 0.0197894 0.0096589 0.0262710 0.0246650 0.0287504 0.0297584 0.0306636 0.0316347 0.0305394 0.0306400 0.0322323 0.0323505 0.0314911 0.0314243 0.0322931 0.0324874 0.0331013 0.0332022 0.0356347 0.0365679 0.0373326 0.0000000 0.0766026 0.0704469 0.0326719 0.0835515 0.0752310 0.0704469 0.0767870 0.0511222 0.0678097 0.0818812 0.0785743 0.1004237 0.0958421 0.0697199 0.1437547 0.0848936 0.0864428 0.0222858 0.0899977 
Aneides_aeneus_AY691701.1            0.0734659 0.0755415 0.0759789 0.0805875 0.0785978 0.0826770 0.0783452 0.0773313 0.0795879 0.0777924 0.0775055 0.0758464 0.0795031 0.0785287 0.0794948 0.0811977 0.0817425 0.0839729 0.0823979 0.0859536 0.0822549 0.0800614 0.0766026 0.0000000 0.0348294 0.0786225 0.0433558 0.0388023 0.0339824 0.0044131 0.0484314 0.0564449 0.0902260 0.1011162 0.1295912 0.1111329 0.0676431 0.1708914 0.0398060 0.0351885 0.0795689 0.1167896 
Aneides_hardii_EU275780.1            0.0692686 0.0732705 0.0717608 0.0762485 0.0722091 0.0792642 0.0759647 0.0759710 0.0753841 0.0763601 0.0719544 0.0743926 0.0760380 0.0731741 0.0760308 0.0789468 0.0782727 0.0788914 0.0770324 0.0827664 0.0790333 0.0787016 0.0704469 0.0348294 0.0000000 0.0760536 0.0275874 0.0212571 0.0000010 0.0323889 0.0442410 0.0518421 0.0807966 0.0965866 0.1242383 0.1136484 0.0626038 0.1714954 0.0208867 0.0278083 0.0732683 0.1101099 
Plethodon_glutinosus_DQ995027.1      0.0386975 0.0334511 0.0358013 0.0406366 0.0415746 0.0425258 0.0107449 0.0099879 0.0115579 0.0122941 0.0022508 0.0107446 0.0052887 0.0045236 0.0030013 0.0123297 0.0037732 0.0130524 0.0052799 0.0146375 0.0131105 0.0170217 0.0326719 0.0786225 0.0760536 0.0000000 0.0824235 0.0780339 0.0763068 0.0823738 0.0544317 0.0777657 0.0869327 0.0821735 0.1077425 0.1077056 0.0719845 0.1595164 0.0928613 0.0923738 0.0377484 0.1009806 
Aneides_lugubris_AY650118.1          0.0819529 0.0822275 0.0826294 0.0871693 0.0850925 0.0893126 0.0851042 0.0841706 0.0833890 0.0874499 0.0789051 0.0854320 0.0830308 0.0801555 0.0830212 0.0860909 0.0853006 0.0861434 0.0840333 0.0900467 0.0882356 0.0859356 0.0835515 0.0433558 0.0275874 0.0824235 0.0000000 0.0251345 0.0264049 0.0448017 0.0521610 0.0627919 0.0938096 0.1051128 0.1334133 0.1251914 0.0745231 0.1741870 0.0222722 0.0264504 0.0866739 0.1165958 
Aneides_ferreus_EU275805.1           0.0742945 0.0722496 0.0752461 0.0773456 0.0760325 0.0822572 0.0768129 0.0768190 0.0751408 0.0772027 0.0748826 0.0752324 0.0768869 0.0740201 0.0768795 0.0768524 0.0791272 0.0778327 0.0778829 0.0816891 0.0798866 0.0785128 0.0752310 0.0388023 0.0212571 0.0780339 0.0251345 0.0000000 0.0206540 0.0399713 0.0460568 0.0536788 0.0849576 0.0941777 0.1219281 0.1109114 0.0654199 0.1612121 0.0127689 0.0062716 0.0762191 0.1005685 
Aneides_hardii_KC165585.1            0.0669910 0.0712789 0.0687758 0.0743726 0.0711261 0.0774387 0.0750312 0.0750379 0.0744208 0.0754507 0.0718084 0.0733991 0.0760803 0.0730837 0.0748389 0.0781433 0.0784202 0.0771069 0.0771212 0.0821333 0.0782326 0.0769135 0.0704469 0.0339824 0.0000010 0.0763068 0.0264049 0.0206540 0.0000000 0.0323889 0.0446622 0.0518158 0.0817028 0.0989002 0.1256251 0.1129299 0.0639144 0.1733254 0.0206327 0.0279279 0.0724191 0.1107617 
Aneides_aeneus_KF911883.1            0.0733104 0.0777161 0.0750939 0.0831769 0.0787939 0.0863654 0.0787341 0.0796592 0.0790510 0.0791339 0.0808490 0.0770385 0.0830176 0.0799257 0.0817153 0.0828386 0.0854606 0.0837776 0.0840961 0.0869116 0.0804648 0.0815695 0.0767870 0.0044131 0.0323889 0.0823738 0.0448017 0.0399713 0.0323889 0.0000000 0.0512271 0.0559076 0.0948383 0.1018495 0.1340563 0.1186029 0.0728140 0.1737109 0.0439215 0.0389386 0.0789031 0.1192192 
Phaeognathus_hubrichti_AY691700.1    0.0558030 0.0514389 0.0519602 0.0576118 0.0560787 0.0603306 0.0543436 0.0543513 0.0563892 0.0576606 0.0535488 0.0577473 0.0553331 0.0544339 0.0553320 0.0578450 0.0555706 0.0560422 0.0562191 0.0584745 0.0587790 0.0583084 0.0511222 0.0484314 0.0442410 0.0544317 0.0521610 0.0460568 0.0446622 0.0512271 0.0000000 0.0406870 0.0708551 0.0771499 0.1003632 0.0995286 0.0505347 0.1521357 0.0422193 0.0435948 0.0537491 0.0925554 
Desmognathus_fuscus_KR732372.1       0.0701389 0.0667607 0.0697751 0.0752022 0.0714549 0.0762891 0.0755300 0.0756196 0.0760034 0.0790639 0.0747026 0.0791930 0.0766571 0.0756688 0.0748031 0.0784251 0.0788405 0.0763583 0.0767173 0.0781111 0.0793572 0.0778364 0.0678097 0.0564449 0.0518421 0.0777657 0.0627919 0.0536788 0.0518158 0.0559076 0.0406870 0.0000000 0.0833875 0.0929695 0.1104689 0.1112198 0.0654486 0.1601879 0.0437459 0.0419980 0.0684739 0.1070592 
Hydromantes_platycephalus_HM797656.1 0.0775658 0.0809993 0.0802990 0.0848033 0.0845748 0.0878904 0.0868264 0.0856043 0.0865171 0.0866861 0.0877592 0.0874332 0.0878933 0.0888166 0.0869445 0.0879743 0.0909375 0.0879968 0.0899827 0.0920212 0.0952882 0.0896946 0.0818812 0.0902260 0.0807966 0.0869327 0.0938096 0.0849576 0.0817028 0.0948383 0.0708551 0.0833875 0.0000000 0.0932508 0.1205555 0.1151828 0.0778972 0.1523962 0.0779389 0.0827160 0.0816383 0.1099475 
Pseudotriton_ruber_AY650123.1        0.0812513 0.0754111 0.0788636 0.0835122 0.0816051 0.0865992 0.0773641 0.0795599 0.0808241 0.0811027 0.0785828 0.0821798 0.0806153 0.0795867 0.0787276 0.0812857 0.0805499 0.0818240 0.0806815 0.0852243 0.0830595 0.0838929 0.0785743 0.1011162 0.0965866 0.0821735 0.1051128 0.0941777 0.0989002 0.1018495 0.0771499 0.0929695 0.0932508 0.0000000 0.0919482 0.0545440 0.0971322 0.1501232 0.0816253 0.0831201 0.0806282 0.0850622 
Aquiloeurycea_galeanae_KP900137.1    0.0993830 0.0902380 0.0962977 0.1033436 0.1030282 0.1066287 0.1025177 0.1015976 0.1011236 0.1055249 0.1049661 0.1067391 0.1040180 0.1040388 0.1061853 0.1005620 0.1088185 0.1047277 0.1063077 0.1091201 0.1092376 0.1056176 0.1004237 0.1295912 0.1242383 0.1077425 0.1334133 0.1219281 0.1256251 0.1340563 0.1003632 0.1104689 0.1205555 0.0919482 0.0000000 0.1127508 0.1141041 0.1513719 0.1079051 0.1129951 0.1036834 0.0383538 
Eurycea_cirrigera_FJ750238.1         0.0960353 0.0937110 0.0998378 0.0998266 0.0989730 0.1048801 0.1055374 0.1029614 0.1062580 0.1002716 0.1032687 0.1015424 0.1047353 0.1054826 0.1030675 0.1046905 0.1058398 0.1020109 0.1071190 0.1069314 0.1097981 0.1038999 0.0958421 0.1111329 0.1136484 0.1077056 0.1251914 0.1109114 0.1129299 0.1186029 0.0995286 0.1112198 0.1151828 0.0545440 0.1127508 0.0000000 0.1108354 0.1556276 0.1033586 0.1012920 0.0986167 0.0996827 
Ensatina_eschscholtzii_AY650119.1    0.0698260 0.0657320 0.0670818 0.0740936 0.0717973 0.0761063 0.0723315 0.0724172 0.0747057 0.0758191 0.0704883 0.0739110 0.0705879 0.0714333 0.0723929 0.0742800 0.0736221 0.0742301 0.0733472 0.0779236 0.0762543 0.0776853 0.0697199 0.0676431 0.0626038 0.0719845 0.0745231 0.0654199 0.0639144 0.0728140 0.0505347 0.0654486 0.0778972 0.0971322 0.1141041 0.1108354 0.0000000 0.1635079 0.0629234 0.0628018 0.0724969 0.1078893 
Amphiuma_tridactylum_FJ951369.1      0.1435890 0.1383171 0.1417582 0.1450618 0.1527745 0.1510823 0.1528812 0.1530452 0.1517522 0.1518944 0.1561358 0.1545743 0.1573780 0.1583895 0.1564211 0.1535394 0.1530828 0.1567272 0.1566213 0.1627828 0.1551634 0.1621357 0.1437547 0.1708914 0.1714954 0.1595164 0.1741870 0.1612121 0.1733254 0.1737109 0.1521357 0.1601879 0.1523962 0.1501232 0.1513719 0.1556276 0.1635079 0.0000000 0.1384388 0.1408898 0.1520333 0.1467740 
Aneides_flavipunctatus_MF946533.1    0.0872628 0.0845990 0.0837777 0.0841638 0.0914955 0.0909277 0.0902896 0.0898978 0.0907523 0.0915923 0.0811950 0.0865277 0.0851734 0.0813939 0.0835901 0.0905672 0.0868565 0.0832853 0.0868666 0.0833022 0.0904709 0.0811530 0.0848936 0.0398060 0.0208867 0.0928613 0.0222722 0.0127689 0.0206327 0.0439215 0.0422193 0.0437459 0.0779389 0.0816253 0.1079051 0.1033586 0.0629234 0.1384388 0.0000000 0.0167499 0.0937584 0.0886680 
Aneides_vagrans_MF946547.1           0.0887466 0.0822794 0.0885628 0.0856488 0.0930003 0.0924231 0.0898906 0.0895025 0.0903489 0.0911885 0.0846472 0.0861492 0.0848003 0.0810414 0.0832247 0.0867821 0.0864749 0.0862560 0.0864849 0.0862736 0.0900701 0.0841002 0.0864428 0.0351885 0.0278083 0.0923738 0.0264504 0.0062716 0.0279279 0.0389386 0.0435948 0.0419980 0.0827160 0.0831201 0.1129951 0.1012920 0.0628018 0.1408898 0.0167499 0.0000000 0.0953523 0.0935867 
Plethodon_asupak_KF911898.1          0.0247635 0.0248920 0.0199028 0.0307722 0.0112498 0.0333315 0.0352163 0.0361641 0.0371911 0.0368923 0.0361369 0.0369473 0.0362033 0.0370189 0.0369382 0.0378414 0.0380763 0.0386713 0.0387934 0.0412906 0.0422682 0.0430457 0.0222858 0.0795689 0.0732683 0.0377484 0.0866739 0.0762191 0.0724191 0.0789031 0.0537491 0.0684739 0.0816383 0.0806282 0.1036834 0.0986167 0.0724969 0.1520333 0.0937584 0.0953523 0.0000000 0.0913767 
Pseudoeurycea_rex_AY650125.1         0.0894877 0.0799631 0.0886237 0.0887535 0.0934800 0.0899167 0.0978875 0.0991487 0.0974257 0.0986808 0.0958550 0.0998279 0.0952371 0.0991937 0.0992712 0.0989652 0.1002020 0.0978739 0.1003764 0.1001726 0.1011715 0.0996202 0.0899977 0.1167896 0.1101099 0.1009806 0.1165958 0.1005685 0.1107617 0.1192192 0.0925554 0.1070592 0.1099475 0.0850622 0.0383538 0.0996827 0.1078893 0.1467740 0.0886680 0.0935867 0.0913767 0.0000000 
