43
Amphiuma_tridactylum_FJ951364.1      0.0000000 0.7141122 0.7762498 0.9538495 0.7894225 0.7267963 0.8642969 0.9454893 0.8743903 0.6373470 0.6830766 0.7050845 0.6085457 0.8681164 0.9677782 1.0432248 0.9648052 0.7246213 0.6952222 0.8171113 0.9899142 0.9822538 1.0207857 0.9104815 0.7214568 0.8816391 0.7015481 0.6543564 0.6204009 0.6720735 0.6456674 0.7194229 0.6702744 0.7822210 0.7640049 0.7396043 0.7802329 0.6606391 0.7692026 0.8595200 0.7543492 0.6364915 0.7602879 
Pseudotriton_ruber_AY728220.1        0.7141122 0.0000000 0.3274654 0.5433456 0.4797788 0.5842844 0.5982406 0.6216590 0.4871524 0.4224321 0.4973051 0.6026403 0.5388915 0.5337290 0.5498835 0.5900318 0.6930595 0.4801140 0.4803281 0.5903996 0.5957559 0.5695609 0.6268651 0.5947624 0.4858634 0.5908068 0.4957891 0.4379697 0.4562802 0.4715861 0.5000042 0.5014369 0.5176048 0.4763462 0.4787491 0.6064079 0.5558888 0.5035670 0.4788710 0.5377355 0.6160667 0.4920678 0.5938141 
Eurycea_cirrigera_KY885249.1         0.7762498 0.3274654 0.0000000 0.4428467 0.5110761 0.5464452 0.5117254 0.5994729 0.4377756 0.4244293 0.4509040 0.6176407 0.4861754 0.5282063 0.5874074 0.5954280 0.6097027 0.4635427 0.4586877 0.5545087 0.5649797 0.5454250 0.6535651 0.6036975 0.4426487 0.4932053 0.4389022 0.4341639 0.4159709 0.4262855 0.5321685 0.4822400 0.4940960 0.5402188 0.5271666 0.4938411 0.5510214 0.4643673 0.5095127 0.5498216 0.4942913 0.4697470 0.5246346 
Aquiloeurycea_galeanae_AF451213.1    0.9538495 0.5433456 0.4428467 0.0000000 0.7144824 0.6742784 0.6749194 0.6050116 0.2617730 0.4540134 0.5887256 0.6923114 0.5254182 0.7016779 0.6144335 0.7012169 0.7789885 0.5236152 0.5171809 0.7785943 0.7570010 0.6584056 0.8388669 0.7112840 0.5789926 0.5376777 0.5241428 0.5114879 0.5011118 0.5694139 0.6172567 0.5924999 0.5709136 0.6840404 0.6529310 0.5497764 0.6543400 0.7123489 0.7173427 0.6802758 0.5823353 0.6742777 0.6152545 
Plethodon_hoffmani_AF329333.1        0.7894225 0.4797788 0.5110761 0.7144824 0.0000000 0.2449459 0.2683888 0.3271640 0.6511418 0.4026509 0.4588669 0.4472903 0.4767622 0.2578726 0.2745023 0.2752299 0.2730482 0.3972020 0.4059772 0.2662421 0.2632290 0.1292131 0.3216840 0.2669753 0.3736676 0.5323170 0.3839012 0.3974100 0.3556006 0.3411551 0.4694647 0.4576659 0.4508844 0.0924763 0.1097593 0.4751255 0.4376683 0.4590514 0.0236232 0.1645667 0.4853444 0.4551295 0.5121793 
Plethodon_wehrlei_AF329342.1         0.7267963 0.5842844 0.5464452 0.6742784 0.2449459 0.0000000 0.1976437 0.1891314 0.6876878 0.4240067 0.4486303 0.4350012 0.4677486 0.2100701 0.2264016 0.2539157 0.2242905 0.3842727 0.3883743 0.1927775 0.2245881 0.2834380 0.2600697 0.2083938 0.4498013 0.5142594 0.3427523 0.3645800 0.3536134 0.3400234 0.4722851 0.3939792 0.4562698 0.2446953 0.2639050 0.4631795 0.4595092 0.4870168 0.2499086 0.2673756 0.4741442 0.4728675 0.5166850 
Plethodon_welleri_AF329343.1         0.8642969 0.5982406 0.5117254 0.6749194 0.2683888 0.1976437 0.0000000 0.1571945 0.7620816 0.4352591 0.4148701 0.5027856 0.4802084 0.2260169 0.2264978 0.2441203 0.2114850 0.3604529 0.3663651 0.2159277 0.2378193 0.2676427 0.2791000 0.1870364 0.4238351 0.4667037 0.3394324 0.3345631 0.3435120 0.3558332 0.5400406 0.4328210 0.4380421 0.2620994 0.2626030 0.4491960 0.4961564 0.4604927 0.2830250 0.2745313 0.4612100 0.4507886 0.4997220 
Plethodon_dorsalis_DQ995101.1        0.9454893 0.6216590 0.5994729 0.6050116 0.3271640 0.1891314 0.1571945 0.0000000 0.6548907 0.4688260 0.4567445 0.4927462 0.4806993 0.2670882 0.2697545 0.3060950 0.2919279 0.4636484 0.4696470 0.2643282 0.2692770 0.2953118 0.2931713 0.1899905 0.4349284 0.5250374 0.4064238 0.4095781 0.4152023 0.4426344 0.5161773 0.4719348 0.4285859 0.2697931 0.3028043 0.4685021 0.5316691 0.5242861 0.3158793 0.3026628 0.4861763 0.4934468 0.5688083 
Isthmura_bellii_AF451210.1           0.8743903 0.4871524 0.4377756 0.2617730 0.6511418 0.6876878 0.7620816 0.6548907 0.0000000 0.5619266 0.5861221 0.6727044 0.5721462 0.6904712 0.6470620 0.6837404 0.7318632 0.5683347 0.5694986 0.7291212 0.7498235 0.6153902 0.7611148 0.6812499 0.6228842 0.6035531 0.5783398 0.5540413 0.5421774 0.5792862 0.6690729 0.5954804 0.5932408 0.6129780 0.6337385 0.6633846 0.6584801 0.6772789 0.6732783 0.6986608 0.6755371 0.6895745 0.6629404 
Phaeognathus_hubrichti_AY728233.1    0.6373470 0.4224321 0.4244293 0.4540134 0.4026509 0.4240067 0.4352591 0.4688260 0.5619266 0.0000000 0.2870225 0.3796859 0.3138399 0.4261190 0.4343179 0.4984905 0.5071422 0.2889676 0.2829133 0.4509145 0.4561568 0.4520834 0.4676920 0.4794436 0.3842206 0.3437620 0.2830331 0.2798472 0.2804666 0.2982636 0.3373538 0.3151202 0.3819148 0.3769725 0.3953816 0.3240401 0.4532274 0.3817073 0.3939535 0.4478518 0.3365141 0.3761002 0.3397114 
Desmognathus_fuscus_AY728227.1       0.6830766 0.4973051 0.4509040 0.5887256 0.4588669 0.4486303 0.4148701 0.4567445 0.5861221 0.2870225 0.0000000 0.4131684 0.3693173 0.4658221 0.4809046 0.5182769 0.5198577 0.3596843 0.3552057 0.4838062 0.4574194 0.4771253 0.5434603 0.4471593 0.3898490 0.4297439 0.3870963 0.3907134 0.3748500 0.3616868 0.3529696 0.3852986 0.4084635 0.4390617 0.4439967 0.3869496 0.4963915 0.4332268 0.4524491 0.4821586 0.4027592 0.4282035 0.4808633 
Ensatina_eschscholtzii_AY728216.1    0.7050845 0.6026403 0.6176407 0.6923114 0.4472903 0.4350012 0.5027856 0.4927462 0.6727044 0.3796859 0.4131684 0.0000000 0.4394009 0.5083668 0.5398356 0.5284430 0.5591975 0.4123524 0.4165557 0.4928883 0.5353856 0.4967549 0.6326792 0.5138883 0.4882285 0.4546508 0.4295037 0.3997022 0.4084185 0.4294728 0.4748121 0.4334026 0.4721999 0.4585136 0.4897584 0.4682064 0.5294552 0.5142335 0.4492840 0.4991200 0.4889137 0.4937205 0.5089964 
Hydromantes_platycephalus_HM989517.1 0.6085457 0.5388915 0.4861754 0.5254182 0.4767622 0.4677486 0.4802084 0.4806993 0.5721462 0.3138399 0.3693173 0.4394009 0.0000000 0.5000847 0.4433733 0.5151835 0.5045817 0.3110759 0.3093208 0.5056059 0.4555932 0.4333570 0.5330326 0.4390645 0.3768727 0.3764416 0.2953249 0.3517360 0.2980360 0.3157067 0.3195513 0.3689174 0.3582422 0.4791462 0.4370703 0.3628639 0.4143544 0.3906295 0.4851822 0.4664241 0.3746495 0.3906907 0.4392520 
Plethodon_ouachitae_AF329335.1       0.8681164 0.5337290 0.5282063 0.7016779 0.2578726 0.2100701 0.2260169 0.2670882 0.6904712 0.4261190 0.4658221 0.5083668 0.5000847 0.0000000 0.1322670 0.1401952 0.1325194 0.3961782 0.3911694 0.1229275 0.1704335 0.3059106 0.1301407 0.2564236 0.4460972 0.5073040 0.3809908 0.3644934 0.3687667 0.3641463 0.4938007 0.4444770 0.4527383 0.2828060 0.2707906 0.5352943 0.5120173 0.5026629 0.2510876 0.3065385 0.5424547 0.5012291 0.4940712 
Plethodon_glutinosus_DQ995105.1      0.9677782 0.5498835 0.5874074 0.6144335 0.2745023 0.2264016 0.2264978 0.2697545 0.6470620 0.4343179 0.4809046 0.5398356 0.4433733 0.1322670 0.0000000 0.1346221 0.1179796 0.4202518 0.4285452 0.1277103 0.1583976 0.2782030 0.1248085 0.2275782 0.4300850 0.4919041 0.3720893 0.4049166 0.3874583 0.3893140 0.4332162 0.4763068 0.4183046 0.2966148 0.2788284 0.5289028 0.4257759 0.4900593 0.2768202 0.2645365 0.5331335 0.4813006 0.5471772 
Plethodon_cylindraceus_DQ995100.1    1.0432248 0.5900318 0.5954280 0.7012169 0.2752299 0.2539157 0.2441203 0.3060950 0.6837404 0.4984905 0.5182769 0.5284430 0.5151835 0.1401952 0.1346221 0.0000000 0.1205778 0.4452024 0.4522822 0.1323494 0.1805389 0.3119055 0.1395277 0.2754052 0.4667199 0.4966241 0.4400460 0.4020446 0.4259118 0.4210601 0.5093170 0.4652747 0.4521581 0.3057630 0.3088301 0.5876288 0.4756370 0.5179740 0.2694238 0.2994498 0.5911129 0.5039283 0.5186109 
Plethodon_kentucki_DQ995116.1        0.9648052 0.6930595 0.6097027 0.7789885 0.2730482 0.2242905 0.2114850 0.2919279 0.7318632 0.5071422 0.5198577 0.5591975 0.5045817 0.1325194 0.1179796 0.1205778 0.0000000 0.4546516 0.4604200 0.1107118 0.1633474 0.2804024 0.1265834 0.2358700 0.4427539 0.4927594 0.4032519 0.4179063 0.3914853 0.4048222 0.5088552 0.5121563 0.4355365 0.3083008 0.2940660 0.5617439 0.4892447 0.4977745 0.2556915 0.2849548 0.5654577 0.4890697 0.5370534 
Plethodon_neomexicanus_AF329353.1    0.7246213 0.4801140 0.4635427 0.5236152 0.3972020 0.3842727 0.3604529 0.4636484 0.5683347 0.2889676 0.3596843 0.4123524 0.3110759 0.3961782 0.4202518 0.4452024 0.4546516 0.0000000 0.0087697 0.4238017 0.3967758 0.4603164 0.4705760 0.5006012 0.3640047 0.3472212 0.2483950 0.2658965 0.2679694 0.2861920 0.3065969 0.3265855 0.3387601 0.3843222 0.3861442 0.3613861 0.3868012 0.3812338 0.3915251 0.4082774 0.3652548 0.3823724 0.3298965 
Plethodon_neomexicanus_AF329352.1    0.6952222 0.4803281 0.4586877 0.5171809 0.4059772 0.3883743 0.3663651 0.4696470 0.5694986 0.2829133 0.3552057 0.4165557 0.3093208 0.3911694 0.4285452 0.4522822 0.4604200 0.0087697 0.0000000 0.4185702 0.3964138 0.4662118 0.4778384 0.5077813 0.3638188 0.3501261 0.2498962 0.2604193 0.2650130 0.2880805 0.3041562 0.3264828 0.3389157 0.3783327 0.3800327 0.3560282 0.3781931 0.3703019 0.3855442 0.4017407 0.3598939 0.3715081 0.3282098 
Plethodon_petraeus_AY728222.1        0.8171113 0.5903996 0.5545087 0.7785943 0.2662421 0.1927775 0.2159277 0.2643282 0.7291212 0.4509145 0.4838062 0.4928883 0.5056059 0.1229275 0.1277103 0.1323494 0.1107118 0.4238017 0.4185702 0.0000000 0.1678930 0.2990096 0.1761539 0.2028989 0.4576428 0.5134678 0.4016860 0.3771085 0.3760611 0.3568780 0.5095815 0.4306965 0.4373140 0.2775179 0.2714088 0.5315246 0.5078002 0.4661699 0.2518501 0.2922352 0.5426547 0.4559050 0.4914549 
Plethodon_yonahlossee_AF329341.1     0.9899142 0.5957559 0.5649797 0.7570010 0.2632290 0.2245881 0.2378193 0.2692770 0.7498235 0.4561568 0.4574194 0.5353856 0.4555932 0.1704335 0.1583976 0.1805389 0.1633474 0.3967758 0.3964138 0.1678930 0.0000000 0.2997485 0.1905959 0.2455269 0.4455296 0.5105770 0.3989474 0.3906175 0.3761336 0.3925968 0.5154623 0.4529918 0.4680326 0.2535302 0.2889921 0.4796679 0.4787123 0.5130186 0.2685685 0.2979642 0.4973170 0.5042524 0.5152623 
Plethodon_hubrichti_DQ995112.1       0.9822538 0.5695609 0.5454250 0.6584056 0.1292131 0.2834380 0.2676427 0.2953118 0.6153902 0.4520834 0.4771253 0.4967549 0.4333570 0.3059106 0.2782030 0.3119055 0.2804024 0.4603164 0.4662118 0.2990096 0.2997485 0.0000000 0.2935571 0.2343884 0.3913639 0.4702885 0.3877952 0.4112091 0.3780567 0.3519026 0.4546337 0.4365081 0.3925920 0.1092112 0.0701883 0.5565098 0.5022461 0.4821967 0.1197382 0.1857326 0.5687744 0.4856597 0.5338239 
Plethodon_jordani_AF329334.1         1.0207857 0.6268651 0.6535651 0.8388669 0.3216840 0.2600697 0.2791000 0.2931713 0.7611148 0.4676920 0.5434603 0.6326792 0.5330326 0.1301407 0.1248085 0.1395277 0.1265834 0.4705760 0.4778384 0.1761539 0.1905959 0.2935571 0.0000000 0.2766001 0.5002906 0.5191805 0.4279118 0.4401363 0.4224882 0.4008383 0.5179388 0.5092624 0.5174722 0.3092592 0.3069122 0.6025286 0.5074059 0.5678763 0.3191490 0.3272028 0.6208623 0.5542177 0.5674466 
Plethodon_websteri_DQ995167.1        0.9104815 0.5947624 0.6036975 0.7112840 0.2669753 0.2083938 0.1870364 0.1899905 0.6812499 0.4794436 0.4471593 0.5138883 0.4390645 0.2564236 0.2275782 0.2754052 0.2358700 0.5006012 0.5077813 0.2028989 0.2455269 0.2343884 0.2766001 0.0000000 0.3773845 0.5103652 0.3456521 0.3715317 0.3961368 0.3667139 0.4858681 0.4377689 0.3864533 0.2804517 0.2564922 0.4771474 0.4399984 0.4212496 0.2694228 0.3144754 0.4927087 0.4005990 0.5513979 
Aneides_vagrans_KF781825.1           0.7214568 0.4858634 0.4426487 0.5789926 0.3736676 0.4498013 0.4238351 0.4349284 0.6228842 0.3842206 0.3898490 0.4882285 0.3768727 0.4460972 0.4300850 0.4667199 0.4427539 0.3640047 0.3638188 0.4576428 0.4455296 0.3913639 0.5002906 0.3773845 0.0000000 0.4421368 0.3524150 0.3436808 0.3480067 0.3510004 0.2296781 0.4202174 0.0973313 0.3967037 0.3942779 0.3922714 0.2565229 0.2536987 0.3587545 0.4465128 0.3924419 0.2563685 0.4573970 
Plethodon_idahoensis_DQ995113.1      0.8816391 0.5908068 0.4932053 0.5376777 0.5323170 0.5142594 0.4667037 0.5250374 0.6035531 0.3437620 0.4297439 0.4546508 0.3764416 0.5073040 0.4919041 0.4966241 0.4927594 0.3472212 0.3501261 0.5134678 0.5105770 0.4702885 0.5191805 0.5103652 0.4421368 0.0000000 0.3762375 0.3641598 0.3499160 0.3488881 0.3640806 0.3173776 0.4230063 0.5081137 0.5021300 0.4686772 0.4961795 0.4047960 0.5388528 0.5078790 0.4815393 0.3817013 0.0739358 
Plethodon_vehiculum_AF329355.1       0.7015481 0.4957891 0.4389022 0.5241428 0.3839012 0.3427523 0.3394324 0.4064238 0.5783398 0.2830331 0.3870963 0.4295037 0.2953249 0.3809908 0.3720893 0.4400460 0.4032519 0.2483950 0.2498962 0.4016860 0.3989474 0.3877952 0.4279118 0.3456521 0.3524150 0.3762375 0.0000000 0.1476933 0.2077168 0.2173416 0.3469613 0.2896336 0.3513402 0.3839540 0.3707316 0.3228413 0.3512964 0.3509142 0.3842389 0.3691771 0.3334998 0.3485382 0.3625964 
Plethodon_dunni_AF329344.1           0.6543564 0.4379697 0.4341639 0.5114879 0.3974100 0.3645800 0.3345631 0.4095781 0.5540413 0.2798472 0.3907134 0.3997022 0.3517360 0.3644934 0.4049166 0.4020446 0.4179063 0.2658965 0.2604193 0.3771085 0.3906175 0.4112091 0.4401363 0.3715317 0.3436808 0.3641598 0.1476933 0.0000000 0.2552942 0.2652355 0.3315663 0.2969808 0.3685142 0.3748642 0.3785519 0.3525656 0.4158756 0.3602077 0.3883754 0.3869722 0.3641130 0.3578301 0.3244239 
Plethodon_elongatus_AY728223.1       0.6204009 0.4562802 0.4159709 0.5011118 0.3556006 0.3536134 0.3435120 0.4152023 0.5421774 0.2804666 0.3748500 0.4084185 0.2980360 0.3687667 0.3874583 0.4259118 0.3914853 0.2679694 0.2650130 0.3760611 0.3761336 0.3780567 0.4224882 0.3961368 0.3480067 0.3499160 0.2077168 0.2552942 0.0000000 0.0778925 0.3399577 0.2741045 0.3012421 0.3802000 0.3303661 0.3251185 0.3780433 0.3556813 0.3581788 0.3534917 0.3343006 0.3532705 0.3465930 
Plethodon_stormi_AF329349.1          0.6720735 0.4715861 0.4262855 0.5694139 0.3411551 0.3400234 0.3558332 0.4426344 0.5792862 0.2982636 0.3616868 0.4294728 0.3157067 0.3641463 0.3893140 0.4210601 0.4048222 0.2861920 0.2880805 0.3568780 0.3925968 0.3519026 0.4008383 0.3667139 0.3510004 0.3488881 0.2173416 0.2652355 0.0778925 0.0000000 0.3449120 0.2920548 0.3160714 0.3750598 0.3105243 0.3771421 0.3889620 0.3394113 0.3535211 0.3694742 0.3869727 0.3519976 0.3406241 
Aneides_lugubris_KF781809.1          0.6456674 0.5000042 0.5321685 0.6172567 0.4694647 0.4722851 0.5400406 0.5161773 0.6690729 0.3373538 0.3529696 0.4748121 0.3195513 0.4938007 0.4332162 0.5093170 0.5088552 0.3065969 0.3041562 0.5095815 0.5154623 0.4546337 0.5179388 0.4858681 0.2296781 0.3640806 0.3469613 0.3315663 0.3399577 0.3449120 0.0000000 0.3386385 0.2505614 0.4084430 0.4271264 0.3810033 0.2645558 0.2923963 0.4454480 0.4584153 0.3850472 0.2964388 0.4202033 
Plethodon_larselli_AF329350.1        0.7194229 0.5014369 0.4822400 0.5924999 0.4576659 0.3939792 0.4328210 0.4719348 0.5954804 0.3151202 0.3852986 0.4334026 0.3689174 0.4444770 0.4763068 0.4652747 0.5121563 0.3265855 0.3264828 0.4306965 0.4529918 0.4365081 0.5092624 0.4377689 0.4202174 0.3173776 0.2896336 0.2969808 0.2741045 0.2920548 0.3386385 0.0000000 0.3637273 0.4185661 0.4053674 0.3910433 0.4587517 0.4227818 0.4500776 0.4228866 0.4000158 0.4156429 0.3120673 
Aneides_ferreus_AF329324.1           0.6702744 0.5176048 0.4940960 0.5709136 0.4508844 0.4562698 0.4380421 0.4285859 0.5932408 0.3819148 0.4084635 0.4721999 0.3582422 0.4527383 0.4183046 0.4521581 0.4355365 0.3387601 0.3389157 0.4373140 0.4680326 0.3925920 0.5174722 0.3864533 0.0973313 0.4230063 0.3513402 0.3685142 0.3012421 0.3160714 0.2505614 0.3637273 0.0000000 0.4222328 0.4181191 0.3822025 0.2415119 0.2663748 0.4389421 0.4681248 0.3898716 0.2579901 0.4410067 
Plethodon_shenandoah_MK493192.1      0.7822210 0.4763462 0.5402188 0.6840404 0.0924763 0.2446953 0.2620994 0.2697931 0.6129780 0.3769725 0.4390617 0.4585136 0.4791462 0.2828060 0.2966148 0.3057630 0.3083008 0.3843222 0.3783327 0.2775179 0.2535302 0.1092112 0.3092592 0.2804517 0.3967037 0.5081137 0.3839540 0.3748642 0.3802000 0.3750598 0.4084430 0.4185661 0.4222328 0.0000000 0.1127251 0.4682189 0.4482150 0.4982073 0.0902527 0.1761950 0.4782491 0.4849517 0.5281436 
Plethodon_richmondi_AF329339.1       0.7640049 0.4787491 0.5271666 0.6529310 0.1097593 0.2639050 0.2626030 0.3028043 0.6337385 0.3953816 0.4439967 0.4897584 0.4370703 0.2707906 0.2788284 0.3088301 0.2940660 0.3861442 0.3800327 0.2714088 0.2889921 0.0701883 0.3069122 0.2564922 0.3942779 0.5021300 0.3707316 0.3785519 0.3303661 0.3105243 0.4271264 0.4053674 0.4181191 0.1127251 0.0000000 0.5237490 0.4468440 0.4607274 0.1049875 0.1601298 0.5343024 0.4716979 0.5134884 
Aneides_aeneus_AF489624.1            0.7396043 0.6064079 0.4938411 0.5497764 0.4751255 0.4631795 0.4491960 0.4685021 0.6633846 0.3240401 0.3869496 0.4682064 0.3628639 0.5352943 0.5289028 0.5876288 0.5617439 0.3613861 0.3560282 0.5315246 0.4796679 0.5565098 0.6025286 0.4771474 0.3922714 0.4686772 0.3228413 0.3525656 0.3251185 0.3771421 0.3810033 0.3910433 0.3822025 0.4682189 0.5237490 0.0000000 0.4015473 0.3989544 0.4811763 0.5213322 0.0077825 0.3935050 0.4848700 
Aneides_flavipunctatus_AF329326.1    0.7802329 0.5558888 0.5510214 0.6543400 0.4376683 0.4595092 0.4961564 0.5316691 0.6584801 0.4532274 0.4963915 0.5294552 0.4143544 0.5120173 0.4257759 0.4756370 0.4892447 0.3868012 0.3781931 0.5078002 0.4787123 0.5022461 0.5074059 0.4399984 0.2565229 0.4961795 0.3512964 0.4158756 0.3780433 0.3889620 0.2645558 0.4587517 0.2415119 0.4482150 0.4468440 0.4015473 0.0000000 0.3295384 0.4437814 0.4762771 0.4065434 0.3275021 0.5132930 
Aneides_hardii_AY728226.1            0.6606391 0.5035670 0.4643673 0.7123489 0.4590514 0.4870168 0.4604927 0.5242861 0.6772789 0.3817073 0.4332268 0.5142335 0.3906295 0.5026629 0.4900593 0.5179740 0.4977745 0.3812338 0.3703019 0.4661699 0.5130186 0.4821967 0.5678763 0.4212496 0.2536987 0.4047960 0.3509142 0.3602077 0.3556813 0.3394113 0.2923963 0.4227818 0.2663748 0.4982073 0.4607274 0.3989544 0.3295384 0.0000000 0.4602991 0.5056332 0.4086929 0.0262585 0.4303949 
Plethodon_cinereus_MN483063.1        0.7692026 0.4788710 0.5095127 0.7173427 0.0236232 0.2499086 0.2830250 0.3158793 0.6732783 0.3939535 0.4524491 0.4492840 0.4851822 0.2510876 0.2768202 0.2694238 0.2556915 0.3915251 0.3855442 0.2518501 0.2685685 0.1197382 0.3191490 0.2694228 0.3587545 0.5388528 0.3842389 0.3883754 0.3581788 0.3535211 0.4454480 0.4500776 0.4389421 0.0902527 0.1049875 0.4811763 0.4437814 0.4602991 0.0000000 0.1701917 0.4912427 0.4544591 0.5211810 
Plethodon_serratus_AF329337.1        0.8595200 0.5377355 0.5498216 0.6802758 0.1645667 0.2673756 0.2745313 0.3026628 0.6986608 0.4478518 0.4821586 0.4991200 0.4664241 0.3065385 0.2645365 0.2994498 0.2849548 0.4082774 0.4017407 0.2922352 0.2979642 0.1857326 0.3272028 0.3144754 0.4465128 0.5078790 0.3691771 0.3869722 0.3534917 0.3694742 0.4584153 0.4228866 0.4681248 0.1761950 0.1601298 0.5213322 0.4762771 0.5056332 0.1701917 0.0000000 0.5317113 0.5168699 0.5058260 
Aneides_aeneus_AF489627.1            0.7543492 0.6160667 0.4942913 0.5823353 0.4853444 0.4741442 0.4612100 0.4861763 0.6755371 0.3365141 0.4027592 0.4889137 0.3746495 0.5424547 0.5331335 0.5911129 0.5654577 0.3652548 0.3598939 0.5426547 0.4973170 0.5687744 0.6208623 0.4927087 0.3924419 0.4815393 0.3334998 0.3641130 0.3343006 0.3869727 0.3850472 0.4000158 0.3898716 0.4782491 0.5343024 0.0077825 0.4065434 0.4086929 0.4912427 0.5317113 0.0000000 0.4031026 0.4956732 
Aneides_hardii_AF329327.1            0.6364915 0.4920678 0.4697470 0.6742777 0.4551295 0.4728675 0.4507886 0.4934468 0.6895745 0.3761002 0.4282035 0.4937205 0.3906907 0.5012291 0.4813006 0.5039283 0.4890697 0.3823724 0.3715081 0.4559050 0.5042524 0.4856597 0.5542177 0.4005990 0.2563685 0.3817013 0.3485382 0.3578301 0.3532705 0.3519976 0.2964388 0.4156429 0.2579901 0.4849517 0.4716979 0.3935050 0.3275021 0.0262585 0.4544591 0.5168699 0.4031026 0.0000000 0.4222672 
Plethodon_vandykei_AF329354.1        0.7602879 0.5938141 0.5246346 0.6152545 0.5121793 0.5166850 0.4997220 0.5688083 0.6629404 0.3397114 0.4808633 0.5089964 0.4392520 0.4940712 0.5471772 0.5186109 0.5370534 0.3298965 0.3282098 0.4914549 0.5152623 0.5338239 0.5674466 0.5513979 0.4573970 0.0739358 0.3625964 0.3244239 0.3465930 0.3406241 0.4202033 0.3120673 0.4410067 0.5281436 0.5134884 0.4848700 0.5132930 0.4303949 0.5211810 0.5058260 0.4956732 0.4222672 0.0000000 
