43
Amphiuma_tridactylum_FJ951364.1      0.0000000 0.7262229 0.7842150 0.9644671 0.7906886 0.7236412 0.8860979 0.9445476 0.8949351 0.6446936 0.6817279 0.7150355 0.6194564 0.8709968 0.9618444 1.0436197 0.9748293 0.7492905 0.7186981 0.8007519 0.9964350 1.0021484 0.9546300 0.9091525 0.7342600 0.9146120 0.7213404 0.6761580 0.6332159 0.6748773 0.6597324 0.7373836 0.6767051 0.7739596 0.7613194 0.7701796 0.8002941 0.6737255 0.7706488 0.8629939 0.7857876 0.6532547 0.7837943 
Pseudotriton_ruber_AY728220.1        0.7262229 0.0000000 0.3326342 0.5738640 0.4944905 0.6065371 0.6338070 0.6600691 0.5120933 0.4482267 0.4961053 0.6290450 0.5602220 0.5642298 0.5765250 0.6156788 0.7214548 0.5033630 0.5036254 0.6106651 0.6180474 0.5915712 0.6725284 0.6237383 0.5042686 0.6291100 0.5147400 0.4559103 0.4734753 0.4825332 0.5347875 0.5291108 0.5381550 0.4946904 0.4951036 0.6265047 0.5846491 0.5230474 0.4953099 0.5681759 0.6363187 0.5116281 0.6292247 
Eurycea_cirrigera_KY885249.1         0.7842150 0.3326342 0.0000000 0.4435482 0.5242708 0.5642669 0.5309108 0.6414038 0.4407949 0.4303550 0.4542511 0.6031030 0.4957049 0.5616992 0.6186642 0.6179252 0.6368912 0.4853034 0.4801201 0.5806424 0.5988892 0.5723806 0.6581682 0.6329503 0.4463908 0.5034226 0.4472731 0.4251681 0.4229093 0.4252156 0.5120159 0.4850497 0.5007656 0.5575700 0.5437505 0.4885142 0.5676910 0.4697121 0.5235254 0.5835100 0.4890785 0.4754634 0.5389137 
Aquiloeurycea_galeanae_AF451213.1    0.9644671 0.5738640 0.4435482 0.0000000 0.7495933 0.6990412 0.6688567 0.6273082 0.2647439 0.4479168 0.5975363 0.7165472 0.5426476 0.7081182 0.6372042 0.7274661 0.8073089 0.5412068 0.5344495 0.7743556 0.7497388 0.6826585 0.8046279 0.7371131 0.5987804 0.5550759 0.5422807 0.5280142 0.5206095 0.5879731 0.6143676 0.6121833 0.5900295 0.6991868 0.6871109 0.5759832 0.6769410 0.7392623 0.7533402 0.7114470 0.6103621 0.6989636 0.6355301 
Plethodon_hoffmani_AF329333.1        0.7906886 0.4944905 0.5242708 0.7495933 0.0000000 0.2481157 0.2694816 0.3334678 0.6711245 0.4182573 0.4745892 0.4561539 0.4938485 0.2644670 0.2782917 0.2789589 0.2764615 0.4059262 0.4152647 0.2736716 0.2720429 0.1300145 0.2973921 0.2705715 0.3860542 0.5471721 0.3917270 0.4058378 0.3652925 0.3493474 0.4913489 0.4689232 0.4670418 0.0943256 0.1103464 0.4954367 0.4620210 0.4757737 0.0236593 0.1698896 0.5060030 0.4712782 0.5266504 
Plethodon_wehrlei_AF329342.1         0.7236412 0.6065371 0.5642669 0.6990412 0.2481157 0.0000000 0.1890311 0.1909074 0.7107551 0.4387596 0.4703862 0.4432821 0.4790704 0.2151422 0.2288557 0.2567006 0.2264006 0.3926049 0.3968807 0.1982395 0.2317163 0.2878670 0.2439488 0.2103161 0.4586117 0.5271254 0.3495207 0.3718403 0.3611549 0.3451754 0.4919656 0.4026671 0.4669748 0.2498746 0.2676382 0.4772473 0.4785173 0.4988477 0.2530656 0.2736217 0.4884405 0.4841676 0.5306266 
Plethodon_welleri_AF329343.1         0.8860979 0.6338070 0.5309108 0.6688567 0.2694816 0.1890311 0.0000000 0.1583310 0.7606625 0.4457845 0.4435884 0.4885136 0.5019989 0.2101971 0.2288913 0.2467978 0.2135158 0.3780497 0.3840973 0.2037645 0.2264134 0.2718687 0.2691592 0.1885790 0.4239583 0.4803938 0.3424439 0.3416482 0.3415065 0.3485553 0.5475070 0.4479611 0.4228957 0.2610649 0.2636514 0.4388562 0.5171300 0.4583878 0.2839662 0.2710675 0.4507378 0.4485393 0.5045410 
Plethodon_dorsalis_DQ995101.1        0.9445476 0.6600691 0.6414038 0.6273082 0.3334678 0.1909074 0.1583310 0.0000000 0.6780727 0.4819803 0.4680310 0.5059605 0.4936360 0.2705753 0.2734836 0.3107182 0.2958444 0.4760133 0.4823187 0.2679067 0.2729061 0.3007764 0.2977383 0.1916776 0.4462296 0.5390416 0.4150135 0.4183181 0.4309434 0.4529322 0.5313216 0.4845050 0.4400605 0.2739675 0.3083221 0.4905184 0.5463546 0.5386886 0.3216784 0.3076244 0.5087050 0.5066339 0.5846492 
Isthmura_bellii_AF451210.1           0.8949351 0.5120933 0.4407949 0.2647439 0.6711245 0.7107551 0.7606625 0.6780727 0.0000000 0.5728073 0.5946786 0.6956407 0.5871718 0.7133317 0.6688818 0.7072432 0.7562588 0.5862013 0.5871628 0.7430770 0.7632676 0.6362122 0.7414874 0.7031405 0.6423428 0.6227730 0.5963030 0.5714307 0.5612196 0.5885907 0.6843792 0.6144202 0.6119000 0.6332786 0.6549221 0.6953083 0.6809430 0.7012150 0.6944059 0.7225317 0.7076540 0.7130323 0.6835952 
Phaeognathus_hubrichti_AY728233.1    0.6446936 0.4482267 0.4303550 0.4479168 0.4182573 0.4387596 0.4457845 0.4819803 0.5728073 0.0000000 0.2855580 0.3631634 0.2955687 0.4232875 0.4459150 0.5115021 0.5207232 0.2926743 0.2864874 0.4458404 0.4475849 0.4638212 0.4879114 0.4924126 0.3691883 0.3499130 0.2877982 0.2845103 0.2875233 0.2986658 0.3475816 0.3216081 0.3615220 0.3773385 0.4106933 0.3057072 0.4446177 0.3624680 0.4090415 0.4577473 0.3178824 0.3568872 0.3454104 
Desmognathus_fuscus_AY728227.1       0.6817279 0.4961053 0.4542511 0.5975363 0.4745892 0.4703862 0.4435884 0.4680310 0.5946786 0.2855580 0.0000000 0.4134412 0.3714139 0.4846197 0.4937588 0.5315699 0.5336940 0.3757662 0.3708319 0.5003137 0.4737692 0.4886913 0.5549307 0.4569242 0.3854181 0.4401030 0.4031403 0.4071637 0.3870260 0.3669533 0.3569628 0.3901844 0.4061549 0.4557838 0.4590145 0.3875778 0.5019154 0.4317307 0.4680580 0.5067126 0.4036519 0.4264801 0.4923696 
Ensatina_eschscholtzii_AY728216.1    0.7150355 0.6290450 0.6031030 0.7165472 0.4561539 0.4432821 0.4885136 0.5059605 0.6956407 0.3631634 0.4134412 0.0000000 0.4479693 0.4998707 0.5552283 0.5439940 0.5746178 0.4198488 0.4242043 0.4836362 0.5231897 0.5104210 0.5857951 0.5275630 0.5018112 0.4661361 0.4342923 0.4031528 0.4167166 0.4335050 0.4605645 0.4475390 0.4865123 0.4598357 0.4995892 0.4642027 0.5433314 0.5299569 0.4581442 0.5102898 0.4853453 0.5092209 0.5217276 
Hydromantes_platycephalus_HM989517.1 0.6194564 0.5602220 0.4957049 0.5426476 0.4938485 0.4790704 0.5019989 0.4936360 0.5871718 0.2955687 0.3714139 0.4479693 0.0000000 0.5035598 0.4550587 0.5290441 0.5171824 0.3170686 0.3153323 0.5002518 0.4468882 0.4441199 0.5234881 0.4491410 0.3841954 0.3837991 0.2997903 0.3572655 0.3053232 0.3194692 0.3065114 0.3767064 0.3658857 0.4792275 0.4530554 0.3720111 0.4311752 0.3985562 0.5027847 0.4757876 0.3841462 0.3984595 0.4483837 
Plethodon_ouachitae_AF329335.1       0.8709968 0.5642298 0.5616992 0.7081182 0.2644670 0.2151422 0.2101971 0.2705753 0.7133317 0.4232875 0.4846197 0.4998707 0.5035598 0.0000000 0.1330388 0.1410346 0.1332320 0.4111250 0.4056468 0.1167662 0.1617261 0.3105480 0.1241350 0.2595368 0.4505557 0.5211612 0.3904977 0.3735684 0.3665529 0.3614170 0.4953732 0.4503270 0.4525335 0.2820996 0.2781529 0.5273129 0.5224791 0.5067719 0.2573230 0.3025122 0.5344479 0.5052458 0.5023687 
Plethodon_glutinosus_DQ995105.1      0.9618444 0.5765250 0.6186642 0.6372042 0.2782917 0.2288557 0.2288913 0.2734836 0.6688818 0.4459150 0.4937588 0.5552283 0.4550587 0.1330388 0.0000000 0.1354861 0.1186100 0.4308649 0.4392230 0.1284148 0.1594340 0.2823376 0.1255356 0.2301218 0.4390061 0.5060603 0.3798832 0.4137353 0.3957246 0.3976873 0.4437966 0.4887716 0.4278479 0.3009452 0.2831445 0.5522734 0.4359030 0.5032283 0.2805573 0.2679082 0.5561285 0.4937655 0.5634580 
Plethodon_cylindraceus_DQ995100.1    1.0436197 0.6156788 0.6179252 0.7274661 0.2789589 0.2567006 0.2467978 0.3107182 0.7072432 0.5115021 0.5315699 0.5439940 0.5290441 0.1410346 0.1354861 0.0000000 0.1211868 0.4570560 0.4643083 0.1330461 0.1817809 0.3165949 0.1404238 0.2789499 0.4771663 0.5108548 0.4495279 0.4113177 0.4358258 0.4303144 0.5222313 0.4772779 0.4631547 0.3099973 0.3135972 0.6113548 0.4872583 0.5319193 0.2728467 0.3037467 0.6143890 0.5172678 0.5341275 
Plethodon_kentucki_DQ995116.1        0.9748293 0.7214548 0.6368912 0.8073089 0.2764615 0.2264006 0.2135158 0.2958444 0.7562588 0.5207232 0.5336940 0.5746178 0.5171824 0.1332320 0.1186100 0.1211868 0.0000000 0.4665288 0.4725860 0.1112012 0.1644390 0.2841038 0.1273095 0.2384410 0.4519773 0.5065065 0.4114462 0.4270983 0.4036059 0.4133228 0.5218521 0.5254430 0.4455652 0.3123841 0.2983739 0.5842607 0.5007603 0.5107219 0.2586051 0.2885581 0.5875711 0.5013438 0.5533606 
Plethodon_neomexicanus_AF329353.1    0.7492905 0.5033630 0.4853034 0.5412068 0.4059262 0.3926049 0.3780497 0.4760133 0.5862013 0.2926743 0.3757662 0.4198488 0.3170686 0.4111250 0.4308649 0.4570560 0.4665288 0.0000000 0.0087753 0.4350424 0.4078591 0.4726733 0.4815172 0.5130786 0.3712477 0.3531601 0.2514555 0.2694172 0.2774827 0.2873581 0.3164167 0.3325390 0.3457526 0.3936585 0.3951805 0.3717210 0.4026152 0.3890169 0.4002911 0.4263401 0.3755284 0.3899224 0.3354136 
Plethodon_neomexicanus_AF329352.1    0.7186981 0.5036254 0.4801201 0.5344495 0.4152647 0.3968807 0.3840973 0.4823187 0.5871628 0.2864874 0.3708319 0.4242043 0.3153323 0.4056468 0.4392230 0.4643083 0.4725860 0.0087753 0.0000000 0.4294894 0.4075109 0.4788706 0.4888403 0.5204132 0.3707176 0.3562794 0.2530527 0.2638078 0.2745733 0.2893324 0.3136317 0.3324447 0.3456067 0.3874209 0.3887556 0.3660591 0.3930940 0.3774311 0.3940180 0.4193619 0.3698684 0.3784199 0.3337586 
Plethodon_petraeus_AY728222.1        0.8007519 0.6106651 0.5806424 0.7743556 0.2736716 0.1982395 0.2037645 0.2679067 0.7430770 0.4458404 0.5003137 0.4836362 0.5002518 0.1167662 0.1284148 0.1330461 0.1112012 0.4350424 0.4294894 0.0000000 0.1690341 0.3035792 0.1667958 0.2050560 0.4535491 0.5279805 0.4063294 0.3816728 0.3761389 0.3500051 0.5110788 0.4324479 0.4288773 0.2808855 0.2793505 0.5169275 0.5116035 0.4614236 0.2585925 0.2962570 0.5279394 0.4511485 0.4915523 
Plethodon_yonahlossee_AF329341.1     0.9964350 0.6180474 0.5988892 0.7497388 0.2720429 0.2317163 0.2264134 0.2729061 0.7632676 0.4475849 0.4737692 0.5231897 0.4468882 0.1617261 0.1594340 0.1817809 0.1644390 0.4078591 0.4075109 0.1690341 0.0000000 0.3044913 0.1857144 0.2482735 0.4408461 0.5239903 0.4026065 0.3943131 0.3783019 0.3838905 0.5063039 0.4535351 0.4555442 0.2567962 0.2988827 0.4752515 0.4699564 0.5043158 0.2772473 0.3021922 0.4929460 0.4953510 0.5126048 
Plethodon_hubrichti_DQ995112.1       1.0021484 0.5915712 0.5723806 0.6826585 0.1300145 0.2878670 0.2718687 0.3007764 0.6362122 0.4638212 0.4886913 0.5104210 0.4441199 0.3105480 0.2823376 0.3165949 0.2841038 0.4726733 0.4788706 0.3035792 0.3044913 0.0000000 0.2984877 0.2374918 0.4005908 0.4823470 0.3966897 0.4210029 0.3935084 0.3586974 0.4670000 0.4465118 0.4023211 0.1097658 0.0703938 0.5851027 0.5166908 0.4952711 0.1204045 0.1872742 0.5980550 0.4990568 0.5480820 
Plethodon_jordani_AF329334.1         0.9546300 0.6725284 0.6581682 0.8046279 0.2973921 0.2439488 0.2691592 0.2977383 0.7414874 0.4879114 0.5549307 0.5857951 0.5234881 0.1241350 0.1255356 0.1404238 0.1273095 0.4815172 0.4888403 0.1667958 0.1857144 0.2984877 0.0000000 0.2803952 0.4689483 0.5389270 0.4177153 0.4344861 0.3921283 0.3823241 0.5416860 0.4999107 0.4790712 0.2920064 0.2826492 0.5762761 0.4990164 0.5402143 0.2951239 0.3113187 0.5945871 0.5266297 0.5512284 
Plethodon_websteri_DQ995167.1        0.9091525 0.6237383 0.6329503 0.7371131 0.2705715 0.2103161 0.1885790 0.1916776 0.7031405 0.4924126 0.4569242 0.5275630 0.4491410 0.2595368 0.2301218 0.2789499 0.2384410 0.5130786 0.5204132 0.2050560 0.2482735 0.2374918 0.2803952 0.0000000 0.3852978 0.5240200 0.3519761 0.3788241 0.4043564 0.3743308 0.4983226 0.4486369 0.3956705 0.2839672 0.2600439 0.4938249 0.4501097 0.4323090 0.2729206 0.3187486 0.5102619 0.4105863 0.5663713 
Aneides_vagrans_KF781825.1           0.7342600 0.5042686 0.4463908 0.5987804 0.3860542 0.4586117 0.4239583 0.4462296 0.6423428 0.3691883 0.3854181 0.5018112 0.3841954 0.4505557 0.4390061 0.4771663 0.4519773 0.3712477 0.3707176 0.4535491 0.4408461 0.4005908 0.4689483 0.3852978 0.0000000 0.4514532 0.3557028 0.3493895 0.3537304 0.3557783 0.2193194 0.4256322 0.0995072 0.3970043 0.4081914 0.3970229 0.2635171 0.2563096 0.3705542 0.4561375 0.3973205 0.2588989 0.4664458 
Plethodon_idahoensis_DQ995113.1      0.9146120 0.6291100 0.5034226 0.5550759 0.5471721 0.5271254 0.4803938 0.5390416 0.6227730 0.3499130 0.4401030 0.4661361 0.3837991 0.5211612 0.5060603 0.5108548 0.5065065 0.3531601 0.3562794 0.5279805 0.5239903 0.4823470 0.5389270 0.5240200 0.4514532 0.0000000 0.3829675 0.3706038 0.3642986 0.3549814 0.3710257 0.3221602 0.4323321 0.5218322 0.5153938 0.4804465 0.5083522 0.4142867 0.5532037 0.5200830 0.4935271 0.3901757 0.0741163 
Plethodon_vehiculum_AF329355.1       0.7213404 0.5147400 0.4472731 0.5422807 0.3917270 0.3495207 0.3424439 0.4150135 0.5963030 0.2877982 0.4031403 0.4342923 0.2997903 0.3904977 0.3798832 0.4495279 0.4114462 0.2514555 0.2530527 0.4063294 0.4026065 0.3966897 0.4177153 0.3519761 0.3557028 0.3829675 0.0000000 0.1485518 0.2076166 0.2176719 0.3540171 0.2942743 0.3557523 0.3875191 0.3786662 0.3246730 0.3622038 0.3550840 0.3921585 0.3792155 0.3355815 0.3525319 0.3689830 
Plethodon_dunni_AF329344.1           0.6761580 0.4559103 0.4251681 0.5280142 0.4058378 0.3718403 0.3416482 0.4183181 0.5714307 0.2845103 0.4071637 0.4031528 0.3572655 0.3735684 0.4137353 0.4113177 0.4270983 0.2694172 0.2638078 0.3816728 0.3943131 0.4210029 0.4344861 0.3788241 0.3493895 0.3706038 0.1485518 0.0000000 0.2582422 0.2630010 0.3378158 0.3015523 0.3757956 0.3783764 0.3866555 0.3533170 0.4290935 0.3669103 0.3962659 0.3974733 0.3650043 0.3643449 0.3298480 
Plethodon_elongatus_AY728223.1       0.6332159 0.4734753 0.4229093 0.5206095 0.3652925 0.3611549 0.3415065 0.4309434 0.5612196 0.2875233 0.3870260 0.4167166 0.3053232 0.3665529 0.3957246 0.4358258 0.4036059 0.2774827 0.2745733 0.3761389 0.3783019 0.3935084 0.3921283 0.4043564 0.3537304 0.3642986 0.2076166 0.2582422 0.0000000 0.0725743 0.3506365 0.2847140 0.3062828 0.3927504 0.3455168 0.3257949 0.3907934 0.3589177 0.3711168 0.3682699 0.3351274 0.3595545 0.3570499 
Plethodon_stormi_AF329349.1          0.6748773 0.4825332 0.4252156 0.5879731 0.3493474 0.3451754 0.3485553 0.4529322 0.5885907 0.2986658 0.3669533 0.4335050 0.3194692 0.3614170 0.3976873 0.4303144 0.4133228 0.2873581 0.2893324 0.3500051 0.3838905 0.3586974 0.3823241 0.3743308 0.3557783 0.3549814 0.2176719 0.2630010 0.0725743 0.0000000 0.3506718 0.2964494 0.3208917 0.3768540 0.3177784 0.3817311 0.3972847 0.3443424 0.3620215 0.3812362 0.3917991 0.3572101 0.3434382 
Aneides_lugubris_KF781809.1          0.6597324 0.5347875 0.5120159 0.6143676 0.4913489 0.4919656 0.5475070 0.5313216 0.6843792 0.3475816 0.3569628 0.4605645 0.3065114 0.4953732 0.4437966 0.5222313 0.5218521 0.3164167 0.3136317 0.5110788 0.5063039 0.4670000 0.5416860 0.4983226 0.2193194 0.3710257 0.3540171 0.3378158 0.3506365 0.3506718 0.0000000 0.3539328 0.2311394 0.4125921 0.4481094 0.3535031 0.2498534 0.2760222 0.4660990 0.4648170 0.3575125 0.2799900 0.4280292 
Plethodon_larselli_AF329350.1        0.7373836 0.5291108 0.4850497 0.6121833 0.4689232 0.4026671 0.4479611 0.4845050 0.6144202 0.3216081 0.3901844 0.4475390 0.3767064 0.4503270 0.4887716 0.4772779 0.5254430 0.3325390 0.3324447 0.4324479 0.4535351 0.4465118 0.4999107 0.4486369 0.4256322 0.3221602 0.2942743 0.3015523 0.2847140 0.2964494 0.3539328 0.0000000 0.3720453 0.4251099 0.4147979 0.4106320 0.4781578 0.4329519 0.4603662 0.4374481 0.4200192 0.4255844 0.3165076 
Aneides_ferreus_AF329324.1           0.6767051 0.5381550 0.5007656 0.5900295 0.4670418 0.4669748 0.4228957 0.4400605 0.6119000 0.3615220 0.4061549 0.4865123 0.3658857 0.4525335 0.4278479 0.4631547 0.4455652 0.3457526 0.3456067 0.4288773 0.4555442 0.4023211 0.4790712 0.3956705 0.0995072 0.4323321 0.3557523 0.3757956 0.3062828 0.3208917 0.2311394 0.3720453 0.0000000 0.4208222 0.4341478 0.3878688 0.2486753 0.2696221 0.4543744 0.4764886 0.3958632 0.2610290 0.4513264 
Plethodon_shenandoah_MK493192.1      0.7739596 0.4946904 0.5575700 0.6991868 0.0943256 0.2498746 0.2610649 0.2739675 0.6332786 0.3773385 0.4557838 0.4598357 0.4792275 0.2820996 0.3009452 0.3099973 0.3123841 0.3936585 0.3874209 0.2808855 0.2567962 0.1097658 0.2920064 0.2839672 0.3970043 0.5218322 0.3875191 0.3783764 0.3927504 0.3768540 0.4125921 0.4251099 0.4208222 0.0000000 0.1147571 0.4687175 0.4561427 0.4985509 0.0920089 0.1776892 0.4788904 0.4849273 0.5306633 
Plethodon_richmondi_AF329339.1       0.7613194 0.4951036 0.5437505 0.6871109 0.1103464 0.2676382 0.2636514 0.3083221 0.6549221 0.4106933 0.4590145 0.4995892 0.4530554 0.2781529 0.2831445 0.3135972 0.2983739 0.3951805 0.3887556 0.2793505 0.2988827 0.0703938 0.2826492 0.2600439 0.4081914 0.5153938 0.3786662 0.3866555 0.3455168 0.3177784 0.4481094 0.4147979 0.4341478 0.1147571 0.0000000 0.5463601 0.4724748 0.4778132 0.1054944 0.1653358 0.5572362 0.4892247 0.5270847 
Aneides_aeneus_AF489624.1            0.7701796 0.6265047 0.4885142 0.5759832 0.4954367 0.4772473 0.4388562 0.4905184 0.6953083 0.3057072 0.3875778 0.4642027 0.3720111 0.5273129 0.5522734 0.6113548 0.5842607 0.3717210 0.3660591 0.5169275 0.4752515 0.5851027 0.5762761 0.4938249 0.3970229 0.4804465 0.3246730 0.3533170 0.3257949 0.3817311 0.3535031 0.4106320 0.3878688 0.4687175 0.5463601 0.0000000 0.4098107 0.4179673 0.5012939 0.5327355 0.0077895 0.4083776 0.4916409 
Aneides_flavipunctatus_AF329326.1    0.8002941 0.5846491 0.5676910 0.6769410 0.4620210 0.4785173 0.5171300 0.5463546 0.6809430 0.4446177 0.5019154 0.5433314 0.4311752 0.5224791 0.4359030 0.4872583 0.5007603 0.4026152 0.3930940 0.5116035 0.4699564 0.5166908 0.4990164 0.4501097 0.2635171 0.5083522 0.3622038 0.4290935 0.3907934 0.3972847 0.2498534 0.4781578 0.2486753 0.4561427 0.4724748 0.4098107 0.0000000 0.3400481 0.4681486 0.4948009 0.4149851 0.3378255 0.5265660 
Aneides_hardii_AY728226.1            0.6737255 0.5230474 0.4697121 0.7392623 0.4757737 0.4988477 0.4583878 0.5386886 0.7012150 0.3624680 0.4317307 0.5299569 0.3985562 0.5067719 0.5032283 0.5319193 0.5107219 0.3890169 0.3774311 0.4614236 0.5043158 0.4952711 0.5402143 0.4323090 0.2563096 0.4142867 0.3550840 0.3669103 0.3589177 0.3443424 0.2760222 0.4329519 0.2696221 0.4985509 0.4778132 0.4179673 0.3400481 0.0000000 0.4771535 0.5149955 0.4279392 0.0262903 0.4405190 
Plethodon_cinereus_MN483063.1        0.7706488 0.4953099 0.5235254 0.7533402 0.0236593 0.2530656 0.2839662 0.3216784 0.6944059 0.4090415 0.4680580 0.4581442 0.5027847 0.2573230 0.2805573 0.2728467 0.2586051 0.4002911 0.3940180 0.2585925 0.2772473 0.1204045 0.2951239 0.2729206 0.3705542 0.5532037 0.3921585 0.3962659 0.3711168 0.3620215 0.4660990 0.4603662 0.4543744 0.0920089 0.1054944 0.5012939 0.4681486 0.4771535 0.0000000 0.1754809 0.5116950 0.4705707 0.5352898 
Plethodon_serratus_AF329337.1        0.8629939 0.5681759 0.5835100 0.7114470 0.1698896 0.2736217 0.2710675 0.3076244 0.7225317 0.4577473 0.5067126 0.5102898 0.4757876 0.3025122 0.2679082 0.3037467 0.2885581 0.4263401 0.4193619 0.2962570 0.3021922 0.1872742 0.3113187 0.3187486 0.4561375 0.5200830 0.3792155 0.3974733 0.3682699 0.3812362 0.4648170 0.4374481 0.4764886 0.1776892 0.1653358 0.5327355 0.4948009 0.5149955 0.1754809 0.0000000 0.5433618 0.5261471 0.5165559 
Aneides_aeneus_AF489627.1            0.7857876 0.6363187 0.4890785 0.6103621 0.5060030 0.4884405 0.4507378 0.5087050 0.7076540 0.3178824 0.4036519 0.4853453 0.3841462 0.5344479 0.5561285 0.6143890 0.5875711 0.3755284 0.3698684 0.5279394 0.4929460 0.5980550 0.5945871 0.5102619 0.3973205 0.4935271 0.3355815 0.3650043 0.3351274 0.3917991 0.3575125 0.4200192 0.3958632 0.4788904 0.5572362 0.0077895 0.4149851 0.4279392 0.5116950 0.5433618 0.0000000 0.4181951 0.5025370 
Aneides_hardii_AF329327.1            0.6532547 0.5116281 0.4754634 0.6989636 0.4712782 0.4841676 0.4485393 0.5066339 0.7130323 0.3568872 0.4264801 0.5092209 0.3984595 0.5052458 0.4937655 0.5172678 0.5013438 0.3899224 0.3784199 0.4511485 0.4953510 0.4990568 0.5266297 0.4105863 0.2588989 0.3901757 0.3525319 0.3643449 0.3595545 0.3572101 0.2799900 0.4255844 0.2610290 0.4849273 0.4892247 0.4083776 0.3378255 0.0262903 0.4705707 0.5261471 0.4181951 0.0000000 0.4319412 
Plethodon_vandykei_AF329354.1        0.7837943 0.6292247 0.5389137 0.6355301 0.5266504 0.5306266 0.5045410 0.5846492 0.6835952 0.3454104 0.4923696 0.5217276 0.4483837 0.5023687 0.5634580 0.5341275 0.5533606 0.3354136 0.3337586 0.4915523 0.5126048 0.5480820 0.5512284 0.5663713 0.4664458 0.0741163 0.3689830 0.3298480 0.3570499 0.3434382 0.4280292 0.3165076 0.4513264 0.5306633 0.5270847 0.4916409 0.5265660 0.4405190 0.5352898 0.5165559 0.5025370 0.4319412 0.0000000 
