40
Amphiuma_tridactylum_FJ951364.1_FJ951369.1      0.0000000 0.4285763 0.4896269 0.4561063 0.4376038 0.4221031 0.4545901 0.4455898 0.4017346 0.4279634 0.4465876 0.4006724 0.4661039 0.4717915 0.4671665 0.4566712 0.4181892 0.4525937 0.4640655 0.4499968 0.4524321 0.4321637 0.5061601 0.4228260 0.4087963 0.4106575 0.3993044 0.4439735 0.3975467 0.4266956 0.4352432 0.4250357 0.4799913 0.5586135 0.4494927 0.4322888 0.4614674 0.5022561 0.4539604 0.4133423 
Pseudotriton_ruber_AY728220.1_AY650123.1        0.4285763 0.0000000 0.1796302 0.2734270 0.2547298 0.2857861 0.2785852 0.2721323 0.2401124 0.2754223 0.3189437 0.3004844 0.2785721 0.2681864 0.2565386 0.2875697 0.2563096 0.2946805 0.2599094 0.2587203 0.2690945 0.2655140 0.3278035 0.2666944 0.2534350 0.2439766 0.2494687 0.3067372 0.2530919 0.2916396 0.2589519 0.2590988 0.3257657 0.3836112 0.2943792 0.2579103 0.2789578 0.3429852 0.3011384 0.2847122 
Eurycea_cirrigera_KY885249.1_FJ750238.1         0.4896269 0.1796302 0.0000000 0.2827293 0.3199425 0.3327728 0.3027560 0.3222542 0.2777617 0.3019863 0.3529727 0.3197087 0.3357427 0.3391596 0.3149139 0.3240859 0.2879625 0.3464307 0.3156711 0.2998703 0.3257189 0.3319540 0.3182699 0.2838026 0.2806104 0.2701678 0.2709829 0.3419745 0.2879692 0.3151151 0.3379426 0.3195086 0.3132154 0.3910984 0.3080847 0.3144447 0.3399826 0.3284449 0.3128770 0.3127629 
Aquiloeurycea_galeanae_AF451213.1_KP900137.1    0.4561063 0.2734270 0.2827293 0.0000000 0.3272907 0.3134830 0.2953007 0.2935829 0.2497837 0.3061959 0.3416271 0.3003556 0.3257939 0.3086939 0.3151184 0.3328911 0.2658828 0.3402252 0.3143996 0.3043022 0.3292488 0.3236552 0.3829409 0.2751584 0.2622806 0.2683041 0.2716245 0.3446559 0.2713543 0.3209268 0.3112529 0.3121779 0.3282562 0.4200512 0.3626294 0.3251292 0.3116902 0.3509268 0.3609160 0.2997243 
Plethodon_hoffmani_AF329333.1_DQ995029.1        0.4376038 0.2547298 0.3199425 0.3272907 0.0000000 0.0889552 0.0908408 0.0972849 0.1920459 0.2402400 0.2276704 0.2667079 0.0978171 0.0904983 0.0847870 0.0863541 0.1615175 0.0995885 0.0825655 0.0444383 0.0885409 0.0883961 0.2782462 0.1763272 0.1532937 0.1622415 0.1570344 0.2617622 0.1701763 0.2411020 0.0372744 0.0442972 0.2483852 0.3305153 0.2463665 0.0117347 0.0631124 0.2621498 0.2500430 0.1854430 
Plethodon_wehrlei_AF329342.1_DQ995075.1         0.4221031 0.2857861 0.3327728 0.3134830 0.0889552 0.0000000 0.0693113 0.0642741 0.1972223 0.2365058 0.2248827 0.2617465 0.0843440 0.0790009 0.0811126 0.0744608 0.1617904 0.0778419 0.0753755 0.0895108 0.0775020 0.0716028 0.3102225 0.1794859 0.1427243 0.1543610 0.1587297 0.2612994 0.1529920 0.2417560 0.0905443 0.0968508 0.2497813 0.3300354 0.2570137 0.0917629 0.0993176 0.2632998 0.2555185 0.1922252 
Plethodon_welleri_AF329343.1_AY691717.1         0.4545901 0.2785852 0.3027560 0.2953007 0.0908408 0.0693113 0.0000000 0.0463872 0.1887630 0.2165594 0.2287790 0.2549970 0.0801035 0.0783067 0.0775250 0.0711743 0.1503343 0.0775648 0.0762116 0.0839822 0.0856214 0.0662090 0.2834777 0.1596217 0.1386055 0.1422661 0.1488239 0.2623688 0.1603084 0.2182413 0.0885425 0.0923267 0.2235821 0.3271039 0.2294839 0.0964814 0.0949136 0.2376405 0.2289298 0.1817084 
Plethodon_dorsalis_DQ995101.1_DQ995023.1        0.4455898 0.2721323 0.3222542 0.2935829 0.0972849 0.0642741 0.0463872 0.0000000 0.1876461 0.2163345 0.2234165 0.2465657 0.0898607 0.0919195 0.0948121 0.0937376 0.1617641 0.0875476 0.0804955 0.0931563 0.0867935 0.0702120 0.2778300 0.1803303 0.1450084 0.1514623 0.1592374 0.2504172 0.1523390 0.2144380 0.0854699 0.0947935 0.2330216 0.3252635 0.2455472 0.0962208 0.0964654 0.2484713 0.2412994 0.1843560 
Phaeognathus_hubrichti_AY728233.1_AY691700.1    0.4017346 0.2401124 0.2777617 0.2497837 0.1920459 0.1972223 0.1887630 0.1876461 0.0000000 0.1349327 0.1696883 0.1759309 0.1969101 0.1875391 0.1970015 0.1994253 0.1547920 0.2063739 0.1791468 0.1873716 0.1862889 0.1959515 0.2121929 0.1622404 0.1459316 0.1496196 0.1540590 0.1691612 0.1571816 0.1632181 0.1837332 0.1939965 0.1493024 0.2566945 0.1638686 0.1904679 0.2076596 0.1626021 0.1667556 0.1694129 
Desmognathus_fuscus_AY728227.1_KR732372.1       0.4279634 0.2754223 0.3019863 0.3061959 0.2402400 0.2365058 0.2165594 0.2163345 0.1349327 0.0000000 0.2021483 0.2164916 0.2487071 0.2349071 0.2316712 0.2347617 0.1987055 0.2526977 0.2176979 0.2265238 0.2360694 0.2203642 0.2159623 0.2062787 0.2057164 0.2105263 0.2043478 0.1839028 0.1983735 0.1852132 0.2356561 0.2392598 0.1839185 0.2836641 0.1931421 0.2387055 0.2541779 0.1951208 0.1974787 0.2355650 
Ensatina_eschscholtzii_AY728216.1_AY650119.1    0.4465876 0.3189437 0.3529727 0.3416271 0.2276704 0.2248827 0.2287790 0.2234165 0.1696883 0.2021483 0.0000000 0.2324917 0.2459493 0.2400994 0.2261095 0.2336529 0.2106930 0.2413517 0.2236410 0.2199833 0.2364608 0.2299803 0.3019003 0.2109561 0.2118547 0.2110186 0.2134293 0.2306992 0.2116775 0.2260033 0.2345651 0.2452028 0.2206632 0.3339297 0.2373759 0.2297819 0.2470546 0.2414613 0.2369762 0.2416460 
Hydromantes_platycephalus_HM989517.1_HM797656.1 0.4006724 0.3004844 0.3197087 0.3003556 0.2667079 0.2617465 0.2549970 0.2465657 0.1759309 0.2164916 0.2324917 0.0000000 0.2759413 0.2415179 0.2525527 0.2518659 0.1905577 0.2755790 0.2326876 0.2278575 0.2509895 0.2440597 0.2685780 0.2096116 0.1870687 0.2126605 0.1942283 0.2085463 0.2153170 0.2158646 0.2610719 0.2510814 0.2258877 0.2988238 0.2239436 0.2667498 0.2592814 0.2396621 0.2286932 0.2407936 
Plethodon_ouachitae_AF329335.1_AY691704.1       0.4661039 0.2785721 0.3357427 0.3257939 0.0978171 0.0843440 0.0801035 0.0898607 0.1969101 0.2487071 0.2459493 0.2759413 0.0000000 0.0445967 0.0462065 0.0456578 0.1691689 0.0448243 0.0523954 0.0957519 0.0403882 0.0901828 0.3088391 0.1787613 0.1581548 0.1578203 0.1612971 0.2646258 0.1743928 0.2417470 0.1038918 0.1021822 0.2646833 0.3588907 0.2619282 0.0956282 0.1101353 0.2832781 0.2671744 0.1879705 
Plethodon_glutinosus_DQ995105.1_DQ995027.1      0.4717915 0.2681864 0.3391596 0.3086939 0.0904983 0.0790009 0.0783067 0.0919195 0.1875391 0.2349071 0.2400994 0.2415179 0.0445967 0.0000000 0.0444970 0.0416955 0.1626114 0.0447349 0.0489523 0.0917362 0.0386873 0.0816898 0.3106714 0.1833791 0.1450551 0.1543776 0.1598182 0.2303786 0.1658486 0.2201181 0.0975341 0.0917822 0.2479653 0.3145381 0.2401017 0.0914146 0.0894579 0.2619085 0.2398667 0.1923106 
Plethodon_cylindraceus_DQ995100.1_DQ995022.1    0.4671665 0.2565386 0.3149139 0.3151184 0.0847870 0.0811126 0.0775250 0.0948121 0.1970015 0.2316712 0.2261095 0.2525527 0.0462065 0.0444970 0.0000000 0.0407295 0.1561189 0.0449777 0.0522844 0.0943919 0.0406959 0.0922259 0.2946323 0.1708337 0.1527699 0.1457653 0.1602798 0.2431010 0.1512143 0.2184650 0.0939086 0.0936224 0.2568696 0.3063936 0.2371620 0.0839495 0.0917319 0.2729558 0.2364028 0.1696296 
Plethodon_kentucki_DQ995116.1_DQ995033.1        0.4566712 0.2875697 0.3240859 0.3328911 0.0863541 0.0744608 0.0711743 0.0937376 0.1994253 0.2347617 0.2336529 0.2518659 0.0456578 0.0416955 0.0407295 0.0000000 0.1587441 0.0388851 0.0479889 0.0903731 0.0388871 0.0817493 0.2875633 0.1679789 0.1464155 0.1527392 0.1512080 0.2442578 0.1624266 0.2157872 0.0968598 0.0934537 0.2510757 0.3162853 0.2331484 0.0840841 0.0926358 0.2688326 0.2360759 0.1734282 
Plethodon_neomexicanus_AF329353.1_DQ995044.1    0.4181892 0.2563096 0.2879625 0.2658828 0.1615175 0.1617904 0.1503343 0.1617641 0.1547920 0.1987055 0.2106930 0.1905577 0.1691689 0.1626114 0.1561189 0.1587441 0.0000000 0.1792206 0.1471386 0.1582364 0.1615145 0.1782890 0.2672214 0.1264038 0.1038825 0.1112196 0.1191579 0.1957424 0.1256425 0.1919535 0.1589272 0.1602281 0.2034944 0.2920545 0.2060608 0.1617799 0.1700025 0.2119123 0.2078478 0.1306834 
Plethodon_petraeus_AY728222.1_DQ995049.1        0.4525937 0.2946805 0.3464307 0.3402252 0.0995885 0.0778419 0.0775648 0.0875476 0.2063739 0.2526977 0.2413517 0.2755790 0.0448243 0.0447349 0.0449777 0.0388851 0.1792206 0.0000000 0.0534599 0.0952286 0.0528224 0.0752892 0.3129361 0.1797511 0.1655999 0.1630182 0.1665576 0.2697341 0.1686994 0.2329451 0.1032696 0.1034500 0.2654676 0.3569677 0.2455500 0.0974449 0.1088052 0.2823366 0.2469285 0.1841830 
Plethodon_yonahlossee_AF329341.1_AY691718.1     0.4640655 0.2599094 0.3156711 0.3143996 0.0825655 0.0753755 0.0762116 0.0804955 0.1791468 0.2176979 0.2236410 0.2326876 0.0523954 0.0489523 0.0522844 0.0479889 0.1471386 0.0534599 0.0000000 0.0853457 0.0547217 0.0788014 0.2841134 0.1653830 0.1428278 0.1436066 0.1442062 0.2367292 0.1503466 0.2181059 0.0792311 0.0911978 0.2229361 0.2960497 0.2299293 0.0853718 0.0931570 0.2386859 0.2327140 0.1698528 
Plethodon_hubrichti_DQ995112.1_DQ995030.1       0.4499968 0.2587203 0.2998703 0.3043022 0.0444383 0.0895108 0.0839822 0.0931563 0.1873716 0.2265238 0.2199833 0.2278575 0.0957519 0.0917362 0.0943919 0.0903731 0.1582364 0.0952286 0.0853457 0.0000000 0.0829569 0.0836801 0.2603207 0.1667834 0.1389733 0.1468539 0.1502783 0.2286332 0.1477732 0.1962653 0.0398046 0.0254101 0.2386645 0.3156619 0.2210930 0.0428690 0.0634639 0.2533266 0.2249985 0.1766471 
Plethodon_jordani_AF329334.1_DQ995032.1         0.4524321 0.2690945 0.3257189 0.3292488 0.0885409 0.0775020 0.0856214 0.0867935 0.1862889 0.2360694 0.2364608 0.2509895 0.0403882 0.0386873 0.0406959 0.0388871 0.1615145 0.0528224 0.0547217 0.0829569 0.0000000 0.0868067 0.2995030 0.1678287 0.1437490 0.1507155 0.1468219 0.2429160 0.1589253 0.2231219 0.0872246 0.0852171 0.2432738 0.3068856 0.2344418 0.0878000 0.0930487 0.2640611 0.2362903 0.1751811 
Plethodon_websteri_DQ995167.1_DQ995073.1        0.4321637 0.2655140 0.3319540 0.3236552 0.0883961 0.0716028 0.0662090 0.0702120 0.1959515 0.2203642 0.2299803 0.2440597 0.0901828 0.0816898 0.0922259 0.0817493 0.1782890 0.0752892 0.0788014 0.0836801 0.0868067 0.0000000 0.2611767 0.1802313 0.1364299 0.1462205 0.1583849 0.2442843 0.1536101 0.2042605 0.0942537 0.0887956 0.2343765 0.2974654 0.2138790 0.0912201 0.1049440 0.2432862 0.2115892 0.1873875 
Aneides_vagrans_KF781825.1_MF946547.1           0.5061601 0.3278035 0.3182699 0.3829409 0.2782462 0.3102225 0.2834777 0.2778300 0.2121929 0.2159623 0.3019003 0.2685780 0.3088391 0.3106714 0.2946323 0.2875633 0.2672214 0.3129361 0.2841134 0.2603207 0.2995030 0.2611767 0.0000000 0.2910153 0.2598995 0.2567845 0.2645907 0.1270137 0.2865432 0.0515386 0.2835120 0.2877679 0.2176912 0.1379397 0.1483735 0.2688158 0.3122785 0.2297279 0.1540868 0.3128207 
Plethodon_idahoensis_DQ995113.1_DQ995031.1      0.4228260 0.2666944 0.2838026 0.2751584 0.1763272 0.1794859 0.1596217 0.1803303 0.1622404 0.2062787 0.2109561 0.2096116 0.1787613 0.1833791 0.1708337 0.1679789 0.1264038 0.1797511 0.1653830 0.1667834 0.1678287 0.1802313 0.2910153 0.0000000 0.1273259 0.1310329 0.1300809 0.2082731 0.1037738 0.2155732 0.1757912 0.1721680 0.2279297 0.3188414 0.2080964 0.1809224 0.1785967 0.2459652 0.2034542 0.0247916 
Plethodon_vehiculum_AF329355.1_AY691716.1       0.4087963 0.2534350 0.2806104 0.2622806 0.1532937 0.1427243 0.1386055 0.1450084 0.1459316 0.2057164 0.2118547 0.1870687 0.1581548 0.1450551 0.1527699 0.1464155 0.1038825 0.1655999 0.1428278 0.1389733 0.1437490 0.1364299 0.2598995 0.1273259 0.0000000 0.0602511 0.0898891 0.2079821 0.1087299 0.1980430 0.1573267 0.1504038 0.1905954 0.2673272 0.1966663 0.1556707 0.1503084 0.1996794 0.1959449 0.1349529 
Plethodon_dunni_AF329344.1_KF911900.1           0.4106575 0.2439766 0.2701678 0.2683041 0.1622415 0.1543610 0.1422661 0.1514623 0.1496196 0.2105263 0.2110186 0.2126605 0.1578203 0.1543776 0.1457653 0.1527392 0.1112196 0.1630182 0.1436066 0.1468539 0.1507155 0.1462205 0.2567845 0.1310329 0.0602511 0.0000000 0.1121762 0.2079452 0.1177709 0.2087366 0.1590766 0.1569868 0.2075431 0.3106228 0.2041729 0.1628225 0.1617936 0.2128442 0.2032869 0.1300061 
Plethodon_elongatus_AY728223.1_AY650120.1       0.3993044 0.2494687 0.2709829 0.2716245 0.1570344 0.1587297 0.1488239 0.1592374 0.1540590 0.2043478 0.2134293 0.1942283 0.1612971 0.1598182 0.1602798 0.1512080 0.1191579 0.1665576 0.1442062 0.1502783 0.1468219 0.1583849 0.2645907 0.1300809 0.0898891 0.1121762 0.0000000 0.2105380 0.1134025 0.1843051 0.1705215 0.1541792 0.1961148 0.2916723 0.1998669 0.1614253 0.1605708 0.2055576 0.2032001 0.1390044 
Aneides_lugubris_KF781809.1_AY650118.1          0.4439735 0.3067372 0.3419745 0.3446559 0.2617622 0.2612994 0.2623688 0.2504172 0.1691612 0.1839028 0.2306992 0.2085463 0.2646258 0.2303786 0.2431010 0.2442578 0.1957424 0.2697341 0.2367292 0.2286332 0.2429160 0.2442843 0.1270137 0.2082731 0.2079821 0.2079452 0.2105380 0.0000000 0.2084012 0.0985863 0.2328365 0.2480570 0.1551748 0.1443488 0.1183006 0.2527404 0.2534916 0.1650143 0.1212696 0.2372500 
Plethodon_larselli_AF329350.1_DQ995036.1        0.3975467 0.2530919 0.2879692 0.2713543 0.1701763 0.1529920 0.1603084 0.1523390 0.1571816 0.1983735 0.2116775 0.2153170 0.1743928 0.1658486 0.1512143 0.1624266 0.1256425 0.1686994 0.1503466 0.1477732 0.1589253 0.1536101 0.2865432 0.1037738 0.1087299 0.1177709 0.1134025 0.2084012 0.0000000 0.2000699 0.1632652 0.1588778 0.2160876 0.3269251 0.2246325 0.1710909 0.1631474 0.2303696 0.2243103 0.1121964 
Aneides_ferreus_AF329324.1_EU275805.1           0.4266956 0.2916396 0.3151151 0.3209268 0.2411020 0.2417560 0.2182413 0.2144380 0.1632181 0.1852132 0.2260033 0.2158646 0.2417470 0.2201181 0.2184650 0.2157872 0.1919535 0.2329451 0.2181059 0.1962653 0.2231219 0.2042605 0.0515386 0.2155732 0.1980430 0.2087366 0.1843051 0.0985863 0.2000699 0.0000000 0.2228744 0.2270069 0.1588013 0.1318088 0.1084398 0.2369641 0.2431534 0.1672445 0.1079452 0.2312973 
Plethodon_shenandoah_MK493192.1_DQ995062.1      0.4352432 0.2589519 0.3379426 0.3112529 0.0372744 0.0905443 0.0885425 0.0854699 0.1837332 0.2356561 0.2345651 0.2610719 0.1038918 0.0975341 0.0939086 0.0968598 0.1589272 0.1032696 0.0792311 0.0398046 0.0872246 0.0942537 0.2835120 0.1757912 0.1573267 0.1590766 0.1705215 0.2328365 0.1632652 0.2228744 0.0000000 0.0473249 0.2440932 0.3268303 0.2532541 0.0383060 0.0654886 0.2559528 0.2534861 0.1911726 
Plethodon_richmondi_AF329339.1_DQ995054.1       0.4250357 0.2590988 0.3195086 0.3121779 0.0442972 0.0968508 0.0923267 0.0947935 0.1939965 0.2392598 0.2452028 0.2510814 0.1021822 0.0917822 0.0936224 0.0934537 0.1602281 0.1034500 0.0911978 0.0254101 0.0852171 0.0887956 0.2877679 0.1721680 0.1504038 0.1569868 0.1541792 0.2480570 0.1588778 0.2270069 0.0473249 0.0000000 0.2589108 0.3337135 0.2443727 0.0435297 0.0645022 0.2749721 0.2525987 0.1893778 
Aneides_aeneus_AF489624.1_AY691701.1            0.4799913 0.3257657 0.3132154 0.3282562 0.2483852 0.2497813 0.2235821 0.2330216 0.1493024 0.1839185 0.2206632 0.2258877 0.2646833 0.2479653 0.2568696 0.2510757 0.2034944 0.2654676 0.2229361 0.2386645 0.2432738 0.2343765 0.2176912 0.2279297 0.1905954 0.2075431 0.1961148 0.1551748 0.2160876 0.1588013 0.2440932 0.2589108 0.0000000 0.2395001 0.1659323 0.2495633 0.2638870 0.0057089 0.1672761 0.2468301 
Aneides_flavipunctatus_AF329326.1_MF946533.1    0.5586135 0.3836112 0.3910984 0.4200512 0.3305153 0.3300354 0.3271039 0.3252635 0.2566945 0.2836641 0.3339297 0.2988238 0.3588907 0.3145381 0.3063936 0.3162853 0.2920545 0.3569677 0.2960497 0.3156619 0.3068856 0.2974654 0.1379397 0.3188414 0.2673272 0.3106228 0.2916723 0.1443488 0.3269251 0.1318088 0.3268303 0.3337135 0.2395001 0.0000000 0.1873279 0.3324327 0.3468814 0.2557131 0.1923414 0.3435987 
Aneides_hardii_AY728226.1_EU275780.1            0.4494927 0.2943792 0.3080847 0.3626294 0.2463665 0.2570137 0.2294839 0.2455472 0.1638686 0.1931421 0.2373759 0.2239436 0.2619282 0.2401017 0.2371620 0.2331484 0.2060608 0.2455500 0.2299293 0.2210930 0.2344418 0.2138790 0.1483735 0.2080964 0.1966663 0.2041729 0.1998669 0.1183006 0.2246325 0.1084398 0.2532541 0.2443727 0.1659323 0.1873279 0.0000000 0.2463160 0.2646440 0.1717748 0.0096648 0.2267383 
Plethodon_cinereus_MN483063.1_DQ995021.1        0.4322888 0.2579103 0.3144447 0.3251292 0.0117347 0.0917629 0.0964814 0.0962208 0.1904679 0.2387055 0.2297819 0.2667498 0.0956282 0.0914146 0.0839495 0.0840841 0.1617799 0.0974449 0.0853718 0.0428690 0.0878000 0.0912201 0.2688158 0.1809224 0.1556707 0.1628225 0.1614253 0.2527404 0.1710909 0.2369641 0.0383060 0.0435297 0.2495633 0.3324327 0.2463160 0.0000000 0.0649154 0.2663719 0.2491985 0.1908377 
Plethodon_serratus_AF329337.1_DQ995057.1        0.4614674 0.2789578 0.3399826 0.3116902 0.0631124 0.0993176 0.0949136 0.0964654 0.2076596 0.2541779 0.2470546 0.2592814 0.1101353 0.0894579 0.0917319 0.0926358 0.1700025 0.1088052 0.0931570 0.0634639 0.0930487 0.1049440 0.3122785 0.1785967 0.1503084 0.1617936 0.1605708 0.2534916 0.1631474 0.2431534 0.0654886 0.0645022 0.2638870 0.3468814 0.2646440 0.0649154 0.0000000 0.2807914 0.2749898 0.1901756 
Aneides_aeneus_AF489627.1_KF911883.1            0.5022561 0.3429852 0.3284449 0.3509268 0.2621498 0.2632998 0.2376405 0.2484713 0.1626021 0.1951208 0.2414613 0.2396621 0.2832781 0.2619085 0.2729558 0.2688326 0.2119123 0.2823366 0.2386859 0.2533266 0.2640611 0.2432862 0.2297279 0.2459652 0.1996794 0.2128442 0.2055576 0.1650143 0.2303696 0.1672445 0.2559528 0.2749721 0.0057089 0.2557131 0.1717748 0.2663719 0.2807914 0.0000000 0.1694106 0.2645761 
Aneides_hardii_AF329327.1_KC165585.1            0.4539604 0.3011384 0.3128770 0.3609160 0.2500430 0.2555185 0.2289298 0.2412994 0.1667556 0.1974787 0.2369762 0.2286932 0.2671744 0.2398667 0.2364028 0.2360759 0.2078478 0.2469285 0.2327140 0.2249985 0.2362903 0.2115892 0.1540868 0.2034542 0.1959449 0.2032869 0.2032001 0.1212696 0.2243103 0.1079452 0.2534861 0.2525987 0.1672761 0.1923414 0.0096648 0.2491985 0.2749898 0.1694106 0.0000000 0.2269585 
Plethodon_vandykei_AF329354.1_AY691715.1        0.4133423 0.2847122 0.3127629 0.2997243 0.1854430 0.1922252 0.1817084 0.1843560 0.1694129 0.2355650 0.2416460 0.2407936 0.1879705 0.1923106 0.1696296 0.1734282 0.1306834 0.1841830 0.1698528 0.1766471 0.1751811 0.1873875 0.3128207 0.0247916 0.1349529 0.1300061 0.1390044 0.2372500 0.1121964 0.2312973 0.1911726 0.1893778 0.2468301 0.3435987 0.2267383 0.1908377 0.1901756 0.2645761 0.2269585 0.0000000 
