40
Amphiuma_tridactylum_FJ951364.1_FJ951369.1      0.0000000 0.5389229 0.5571439 0.6127870 0.5693461 0.5639798 0.6249600 0.6466147 0.5236401 0.5547843 0.5727086 0.5105228 0.5884789 0.6372768 0.6460791 0.6342771 0.5289845 0.5805858 0.6397615 0.6332379 0.6256197 0.6154136 0.4920171 0.6030018 0.5157583 0.5044881 0.5198720 0.5837099 0.5166927 0.5587487 0.5604703 0.5627271 0.6050844 0.5024871 0.5762333 0.5653812 0.5894558 0.6115803 0.5698482 0.5478239 
Pseudotriton_ruber_AY728220.1_AY650123.1        0.5389229 0.0000000 0.1885283 0.3533569 0.2909392 0.3334423 0.3464942 0.3583596 0.2772233 0.3284894 0.3756281 0.3451768 0.3197352 0.3299041 0.3322661 0.3580512 0.3039131 0.3326646 0.3337061 0.3341397 0.3438537 0.3447058 0.2939655 0.3546777 0.3003862 0.2838313 0.2941196 0.3680833 0.2985678 0.3422225 0.2994662 0.3019602 0.3857220 0.3176595 0.3432813 0.2974842 0.3224103 0.3872626 0.3425883 0.3442065 
Eurycea_cirrigera_KY885249.1_FJ750238.1         0.5571439 0.1885283 0.0000000 0.3536024 0.3612496 0.3603791 0.3630751 0.4085394 0.3130713 0.3477060 0.3979947 0.3702718 0.3721611 0.4018110 0.3951146 0.4022400 0.3262227 0.3805897 0.3911844 0.3773081 0.4040193 0.4120268 0.3048241 0.3621991 0.3190853 0.3007876 0.3074752 0.3969030 0.3192433 0.3627514 0.3695486 0.3548308 0.3617754 0.3517878 0.3570082 0.3565507 0.3782389 0.3758642 0.3559105 0.3483287 
Aquiloeurycea_galeanae_AF451213.1_KP900137.1    0.6127870 0.3533569 0.3536024 0.0000000 0.4229742 0.4182572 0.4167660 0.4153378 0.3410475 0.4066248 0.4460631 0.4224870 0.4327156 0.4128279 0.4312480 0.4397687 0.3665788 0.4389309 0.4284767 0.4245215 0.4437324 0.4407728 0.3948178 0.3905041 0.3597219 0.3651815 0.3681522 0.4771758 0.3591952 0.4382422 0.4076191 0.4212032 0.4523282 0.4033068 0.4802410 0.4214190 0.4115090 0.4702198 0.4729806 0.3985097 
Plethodon_hoffmani_AF329333.1_DQ995029.1        0.5693461 0.2909392 0.3612496 0.4229742 0.0000000 0.0940332 0.1041045 0.1144127 0.2190588 0.2800415 0.2683450 0.3091905 0.1010110 0.0993710 0.0968623 0.0981935 0.1734776 0.1023406 0.0957152 0.0510128 0.1015703 0.1021701 0.2584660 0.2127989 0.1674238 0.1685322 0.1706406 0.3054869 0.1826072 0.2801949 0.0383062 0.0460834 0.2966166 0.2848879 0.2797729 0.0119699 0.0663954 0.2986760 0.2753203 0.2068221 
Plethodon_wehrlei_AF329342.1_DQ995075.1         0.5639798 0.3334423 0.3603791 0.4182572 0.0940332 0.0000000 0.0785445 0.0759949 0.2285085 0.2792508 0.2685339 0.3071913 0.0881376 0.0887248 0.0936141 0.0863692 0.1796050 0.0815050 0.0878424 0.1066178 0.0904088 0.0833817 0.2795206 0.2187509 0.1598789 0.1641372 0.1758984 0.3079897 0.1672083 0.2835783 0.0954804 0.1036169 0.3021249 0.2781632 0.2933204 0.0964480 0.1062693 0.3021936 0.2842526 0.2174520 
Plethodon_welleri_AF329343.1_AY691717.1         0.6249600 0.3464942 0.3630751 0.4167660 0.1041045 0.0785445 0.0000000 0.0565219 0.2366862 0.2788752 0.2914042 0.3238648 0.0909266 0.0934248 0.0955455 0.0883893 0.1807939 0.0876903 0.0891144 0.1075332 0.1024219 0.0817622 0.2652303 0.2088421 0.1645017 0.1626538 0.1794533 0.3267184 0.1849945 0.2749048 0.1009104 0.1075683 0.2842863 0.2925240 0.2848314 0.1093203 0.1095423 0.2883469 0.2765596 0.2132185 
Plethodon_dorsalis_DQ995101.1_DQ995023.1        0.6466147 0.3583596 0.4085394 0.4153378 0.1144127 0.0759949 0.0565219 0.0000000 0.2476622 0.2902884 0.3013401 0.3320304 0.1049532 0.1038147 0.1104297 0.1089009 0.1998068 0.1025948 0.0998360 0.1122502 0.1054055 0.0821603 0.2861153 0.2204968 0.1785939 0.1798903 0.1990635 0.3389545 0.1857848 0.2942574 0.1018242 0.1141583 0.3200363 0.3095601 0.3192523 0.1131929 0.1144618 0.3240476 0.3084252 0.2239155 
Phaeognathus_hubrichti_AY728233.1_AY691700.1    0.5236401 0.2772233 0.3130713 0.3410475 0.2190588 0.2285085 0.2366862 0.2476622 0.0000000 0.1504577 0.1948356 0.2086067 0.2238636 0.2296792 0.2468525 0.2489174 0.1808617 0.2306350 0.2290218 0.2415910 0.2381630 0.2507043 0.1837636 0.2131980 0.1720194 0.1677743 0.1782141 0.1938595 0.1825340 0.1869895 0.2113988 0.2244811 0.1736551 0.2070854 0.1833667 0.2164038 0.2384663 0.1816090 0.1817832 0.2022746 
Desmognathus_fuscus_AY728227.1_KR732372.1       0.5547843 0.3284894 0.3477060 0.4066248 0.2800415 0.2792508 0.2788752 0.2902884 0.1504577 0.0000000 0.2426199 0.2643301 0.2912011 0.2954881 0.2981564 0.3038550 0.2387041 0.2902652 0.2848618 0.2979144 0.3047010 0.2880789 0.1859362 0.2793930 0.2442127 0.2410225 0.2436314 0.2207274 0.2377488 0.2153930 0.2749475 0.2832712 0.2151814 0.2279496 0.2184707 0.2780891 0.2952424 0.2179924 0.2167793 0.2859090 
Ensatina_eschscholtzii_AY728216.1_AY650119.1    0.5727086 0.3756281 0.3979947 0.4460631 0.2683450 0.2685339 0.2914042 0.3013401 0.1948356 0.2426199 0.0000000 0.2775987 0.2834678 0.2971192 0.2970837 0.2976392 0.2510736 0.2771492 0.2868113 0.2922818 0.3013834 0.3007523 0.2578826 0.2870030 0.2484628 0.2437937 0.2530604 0.2753610 0.2542326 0.2613541 0.2730126 0.2879805 0.2614851 0.2726160 0.2661866 0.2688058 0.2879585 0.2779677 0.2632715 0.2916974 
Hydromantes_platycephalus_HM989517.1_HM797656.1 0.5105228 0.3451768 0.3702718 0.4224870 0.3091905 0.3071913 0.3238648 0.3320304 0.2086067 0.2643301 0.2775987 0.0000000 0.3206463 0.3060935 0.3275410 0.3245848 0.2337727 0.3167825 0.3094771 0.3071624 0.3290502 0.3251140 0.2467657 0.2854625 0.2250854 0.2467517 0.2373239 0.2618642 0.2620031 0.2680302 0.3051902 0.2981039 0.2829813 0.2538946 0.2633844 0.3092013 0.3103946 0.2945904 0.2640526 0.2900924 
Plethodon_ouachitae_AF329335.1_AY691704.1       0.5884789 0.3197352 0.3721611 0.4327156 0.1010110 0.0881376 0.0909266 0.1049532 0.2238636 0.2912011 0.2834678 0.3206463 0.0000000 0.0480784 0.0520788 0.0512160 0.1845393 0.0454712 0.0590049 0.1100767 0.0451163 0.1043852 0.2769766 0.2171548 0.1735637 0.1646487 0.1742210 0.3073025 0.1845075 0.2819886 0.1067934 0.1070084 0.3122747 0.3019030 0.2941651 0.0977434 0.1143055 0.3210240 0.2927534 0.2105354 
Plethodon_glutinosus_DQ995105.1_DQ995027.1      0.6372768 0.3299041 0.4018110 0.4128279 0.0993710 0.0887248 0.0934248 0.1038147 0.2296792 0.2954881 0.2971192 0.3060935 0.0480784 0.0000000 0.0480751 0.0451719 0.1905891 0.0482968 0.0557913 0.1010606 0.0432891 0.0894142 0.2818498 0.2183664 0.1713240 0.1741032 0.1875436 0.2922884 0.1920709 0.2768555 0.1069337 0.1031242 0.3165868 0.2819572 0.2929126 0.0991388 0.0992914 0.3261127 0.2906366 0.2265643 
Plethodon_cylindraceus_DQ995100.1_DQ995022.1    0.6460791 0.3322661 0.3951146 0.4312480 0.0968623 0.0936141 0.0955455 0.1104297 0.2468525 0.2981564 0.2970837 0.3275410 0.0520788 0.0480751 0.0000000 0.0457688 0.1900569 0.0503115 0.0618016 0.1070547 0.0477866 0.1046550 0.2870766 0.2107564 0.1827506 0.1699959 0.1925481 0.3158951 0.1823871 0.2866088 0.1062133 0.1082010 0.3303766 0.2902034 0.3009763 0.0947178 0.1056642 0.3360079 0.2934542 0.2091572 
Plethodon_kentucki_DQ995116.1_DQ995033.1        0.6342771 0.3580512 0.4022400 0.4397687 0.0981935 0.0863692 0.0883893 0.1089009 0.2489174 0.3038550 0.2976392 0.3245848 0.0512160 0.0451719 0.0457688 0.0000000 0.1920246 0.0433807 0.0567926 0.1031937 0.0456132 0.0935507 0.2804405 0.2060822 0.1767851 0.1758902 0.1808979 0.3162906 0.1928807 0.2813474 0.1089929 0.1087565 0.3237727 0.2958173 0.2949195 0.0949752 0.1064054 0.3323710 0.2916441 0.2134570 
Plethodon_neomexicanus_AF329353.1_DQ995044.1    0.5289845 0.3039131 0.3262227 0.3665788 0.1734776 0.1796050 0.1807939 0.1998068 0.1808617 0.2387041 0.2510736 0.2337727 0.1845393 0.1905891 0.1900569 0.1920246 0.0000000 0.1927288 0.1797076 0.1931393 0.1956260 0.2127059 0.2489032 0.1517546 0.1110181 0.1136799 0.1290239 0.2407548 0.1349924 0.2386781 0.1708605 0.1772172 0.2449236 0.2558708 0.2385456 0.1739780 0.1893997 0.2431681 0.2328107 0.1442989 
Plethodon_petraeus_AY728222.1_DQ995049.1        0.5805858 0.3326646 0.3805897 0.4389309 0.1023406 0.0815050 0.0876903 0.1025948 0.2306350 0.2902652 0.2771492 0.3167825 0.0454712 0.0482968 0.0503115 0.0433807 0.1927288 0.0000000 0.0605356 0.1092872 0.0589771 0.0871440 0.2785262 0.2193964 0.1788701 0.1677190 0.1792590 0.3087071 0.1809949 0.2728431 0.1053439 0.1083377 0.3098697 0.2975211 0.2789584 0.0991547 0.1131166 0.3146083 0.2749198 0.2085800 
Plethodon_yonahlossee_AF329341.1_AY691718.1     0.6397615 0.3337061 0.3911844 0.4284767 0.0957152 0.0878424 0.0891144 0.0998360 0.2290218 0.2848618 0.2868113 0.3094771 0.0590049 0.0557913 0.0618016 0.0567926 0.1797076 0.0605356 0.0000000 0.1045587 0.0619071 0.0958187 0.2670616 0.2088420 0.1723674 0.1657158 0.1752700 0.3041289 0.1804208 0.2740028 0.0927646 0.1079113 0.2967508 0.2786463 0.2851061 0.0985177 0.1088296 0.3022841 0.2816941 0.2036759 
Plethodon_hubrichti_DQ995112.1_DQ995030.1       0.6332379 0.3341397 0.3773081 0.4245215 0.0510128 0.1066178 0.1075332 0.1122502 0.2415910 0.2979144 0.2922818 0.3071624 0.1100767 0.1010606 0.1070547 0.1031937 0.1931393 0.1092872 0.1045587 0.0000000 0.1003905 0.0983650 0.2697312 0.2060822 0.1730885 0.1739639 0.1847638 0.3123918 0.1790533 0.2691483 0.0452275 0.0289898 0.3169706 0.3103204 0.2902497 0.0488147 0.0733613 0.3225250 0.2883920 0.2142740 
Plethodon_jordani_AF329334.1_DQ995032.1         0.6256197 0.3438537 0.4040193 0.4437324 0.1015703 0.0904088 0.1024219 0.1054055 0.2381630 0.3047010 0.3013834 0.3290502 0.0451163 0.0432891 0.0477866 0.0456132 0.1956260 0.0589771 0.0619071 0.1003905 0.0000000 0.1040525 0.2861429 0.2113443 0.1754509 0.1748947 0.1775926 0.3109709 0.1888217 0.2858533 0.1012172 0.1003171 0.3197883 0.2922653 0.2933241 0.1001661 0.1074797 0.3313764 0.2892118 0.2099878 
Plethodon_websteri_DQ995167.1_DQ995073.1        0.6154136 0.3447058 0.4120268 0.4407728 0.1021701 0.0833817 0.0817622 0.0821603 0.2507043 0.2880789 0.3007523 0.3251140 0.1043852 0.0894142 0.1046550 0.0935507 0.2127059 0.0871440 0.0958187 0.0983650 0.1040525 0.0000000 0.2675142 0.2203499 0.1678026 0.1718122 0.1940653 0.3239433 0.1875056 0.2762860 0.1074117 0.1041423 0.3086416 0.2884357 0.2844005 0.1041140 0.1200319 0.3066517 0.2748340 0.2270959 
Aneides_vagrans_KF781825.1_MF946547.1           0.4920171 0.2939655 0.3048241 0.3948178 0.2584660 0.2795206 0.2652303 0.2861153 0.1837636 0.1859362 0.2578826 0.2467657 0.2769766 0.2818498 0.2870766 0.2804405 0.2489032 0.2785262 0.2670616 0.2697312 0.2861429 0.2675142 0.0000000 0.2937420 0.2424441 0.2333973 0.2465419 0.1054084 0.2625299 0.0412397 0.2612386 0.2724202 0.1802510 0.1109799 0.1199404 0.2519888 0.2791009 0.1862857 0.1209465 0.2812789 
Plethodon_idahoensis_DQ995113.1_DQ995031.1      0.6030018 0.3546777 0.3621991 0.3905041 0.2127989 0.2187509 0.2088421 0.2204968 0.2131980 0.2793930 0.2870030 0.2854625 0.2171548 0.2183664 0.2107564 0.2060822 0.1517546 0.2193964 0.2088420 0.2060822 0.2113443 0.2203499 0.2937420 0.0000000 0.1529070 0.1537977 0.1556997 0.2872756 0.1217220 0.2896490 0.2137658 0.2099601 0.3047905 0.3103003 0.2780383 0.2164910 0.2147785 0.3146788 0.2651012 0.0280038 
Plethodon_vehiculum_AF329355.1_AY691716.1       0.5157583 0.3003862 0.3190853 0.3597219 0.1674238 0.1598789 0.1645017 0.1785939 0.1720194 0.2442127 0.2484628 0.2250854 0.1735637 0.1713240 0.1827506 0.1767851 0.1110181 0.1788701 0.1723674 0.1730885 0.1754509 0.1678026 0.2424441 0.1529070 0.0000000 0.0602046 0.0973961 0.2541085 0.1177381 0.2435217 0.1712446 0.1673050 0.2310091 0.2332438 0.2323504 0.1691122 0.1678569 0.2301498 0.2236806 0.1478265 
Plethodon_dunni_AF329344.1_KF911900.1           0.5044881 0.2838313 0.3007876 0.3651815 0.1685322 0.1641372 0.1626538 0.1798903 0.1677743 0.2410225 0.2437937 0.2467517 0.1646487 0.1741032 0.1699959 0.1758902 0.1136799 0.1677190 0.1657158 0.1739639 0.1748947 0.1718122 0.2333973 0.1537977 0.0602046 0.0000000 0.1155715 0.2474567 0.1223485 0.2471970 0.1645703 0.1652084 0.2384655 0.2582429 0.2308338 0.1677280 0.1714045 0.2422964 0.2295991 0.1402947 
Plethodon_elongatus_AY728223.1_AY650120.1       0.5198720 0.2941196 0.3074752 0.3681522 0.1706406 0.1758984 0.1794533 0.1990635 0.1782141 0.2436314 0.2530604 0.2373239 0.1742210 0.1875436 0.1925481 0.1808979 0.1290239 0.1792590 0.1752700 0.1847638 0.1775926 0.1940653 0.2465419 0.1556997 0.0973961 0.1155715 0.0000000 0.2585524 0.1235008 0.2262791 0.1831858 0.1712702 0.2381703 0.2566204 0.2323011 0.1742747 0.1784323 0.2383007 0.2287758 0.1526636 
Aneides_lugubris_KF781809.1_AY650118.1          0.5837099 0.3680833 0.3969030 0.4771758 0.3054869 0.3079897 0.3267184 0.3389545 0.1938595 0.2207274 0.2753610 0.2618642 0.3073025 0.2922884 0.3158951 0.3162906 0.2407548 0.3087071 0.3041289 0.3123918 0.3109709 0.3239433 0.1054084 0.2872756 0.2541085 0.2474567 0.2585524 0.0000000 0.2570906 0.1087254 0.2782114 0.3013151 0.1784264 0.1133002 0.1267430 0.2961566 0.3017382 0.1821551 0.1264363 0.2908537 
Plethodon_larselli_AF329350.1_DQ995036.1        0.5166927 0.2985678 0.3192433 0.3591952 0.1826072 0.1672083 0.1849945 0.1857848 0.1825340 0.2377488 0.2542326 0.2620031 0.1845075 0.1920709 0.1823871 0.1928807 0.1349924 0.1809949 0.1804208 0.1790533 0.1888217 0.1875056 0.2625299 0.1217220 0.1177381 0.1223485 0.1235008 0.2570906 0.0000000 0.2453275 0.1765170 0.1737503 0.2622187 0.2842054 0.2635187 0.1821545 0.1787058 0.2671792 0.2556422 0.1195418 
Aneides_ferreus_AF329324.1_EU275805.1           0.5587487 0.3422225 0.3627514 0.4382422 0.2801949 0.2835783 0.2749048 0.2942574 0.1869895 0.2153930 0.2613541 0.2680302 0.2819886 0.2768555 0.2866088 0.2813474 0.2386781 0.2728431 0.2740028 0.2691483 0.2858533 0.2762860 0.0412397 0.2896490 0.2435217 0.2471970 0.2262791 0.1087254 0.2453275 0.0000000 0.2633936 0.2756111 0.1793412 0.1031236 0.1143843 0.2762595 0.2845861 0.1843454 0.1110744 0.2789236 
Plethodon_shenandoah_MK493192.1_DQ995062.1      0.5604703 0.2994662 0.3695486 0.4076191 0.0383062 0.0954804 0.1009104 0.1018242 0.2113988 0.2749475 0.2730126 0.3051902 0.1067934 0.1069337 0.1062133 0.1089929 0.1708605 0.1053439 0.0927646 0.0452275 0.1012172 0.1074117 0.2612386 0.2137658 0.1712446 0.1645703 0.1831858 0.2782114 0.1765170 0.2633936 0.0000000 0.0488345 0.2912931 0.2824758 0.2850542 0.0387034 0.0684965 0.2909023 0.2780391 0.2118054 
Plethodon_richmondi_AF329339.1_DQ995054.1       0.5627271 0.3019602 0.3548308 0.4212032 0.0460834 0.1036169 0.1075683 0.1141583 0.2244811 0.2832712 0.2879805 0.2981039 0.1070084 0.1031242 0.1082010 0.1087565 0.1772172 0.1083377 0.1079113 0.0289898 0.1003171 0.1041423 0.2724202 0.2099601 0.1673050 0.1652084 0.1712702 0.3013151 0.1737503 0.2756111 0.0488345 0.0000000 0.3092710 0.2933989 0.2832194 0.0449579 0.0676954 0.3140772 0.2839047 0.2105193 
Aneides_aeneus_AF489624.1_AY691701.1            0.6050844 0.3857220 0.3617754 0.4523282 0.2966166 0.3021249 0.2842863 0.3200363 0.1736551 0.2151814 0.2614851 0.2829813 0.3122747 0.3165868 0.3303766 0.3237727 0.2449236 0.3098697 0.2967508 0.3169706 0.3197883 0.3086416 0.1802510 0.3047905 0.2310091 0.2384655 0.2381703 0.1784264 0.2622187 0.1793412 0.2912931 0.3092710 0.0000000 0.1920625 0.1793737 0.2955414 0.3133790 0.0056890 0.1757810 0.2966631 
Aneides_flavipunctatus_AF329326.1_MF946533.1    0.5024871 0.3176595 0.3517878 0.4033068 0.2848879 0.2781632 0.2925240 0.3095601 0.2070854 0.2279496 0.2726160 0.2538946 0.3019030 0.2819572 0.2902034 0.2958173 0.2558708 0.2975211 0.2786463 0.3103204 0.2922653 0.2884357 0.1109799 0.3103003 0.2332438 0.2582429 0.2566204 0.1133002 0.2842054 0.1031236 0.2824758 0.2933989 0.1920625 0.0000000 0.1435008 0.2861554 0.3005410 0.1998743 0.1433002 0.3011935 
Aneides_hardii_AY728226.1_EU275780.1            0.5762333 0.3432813 0.3570082 0.4802410 0.2797729 0.2933204 0.2848314 0.3192523 0.1833667 0.2184707 0.2661866 0.2633844 0.2941651 0.2929126 0.3009763 0.2949195 0.2385456 0.2789584 0.2851061 0.2902497 0.2933241 0.2844005 0.1199404 0.2780383 0.2323504 0.2308338 0.2323011 0.1267430 0.2635187 0.1143843 0.2850542 0.2832194 0.1793737 0.1435008 0.0000000 0.2802122 0.2973687 0.1783379 0.0094329 0.2717150 
Plethodon_cinereus_MN483063.1_DQ995021.1        0.5653812 0.2974842 0.3565507 0.4214190 0.0119699 0.0964480 0.1093203 0.1131929 0.2164038 0.2780891 0.2688058 0.3092013 0.0977434 0.0991388 0.0947178 0.0949752 0.1739780 0.0991547 0.0985177 0.0488147 0.1001661 0.1041140 0.2519888 0.2164910 0.1691122 0.1677280 0.1742747 0.2961566 0.1821545 0.2762595 0.0387034 0.0449579 0.2955414 0.2861554 0.2802122 0.0000000 0.0670295 0.3020971 0.2749105 0.2106810 
Plethodon_serratus_AF329337.1_DQ995057.1        0.5894558 0.3224103 0.3782389 0.4115090 0.0663954 0.1062693 0.1095423 0.1144618 0.2384663 0.2952424 0.2879585 0.3103946 0.1143055 0.0992914 0.1056642 0.1064054 0.1893997 0.1131166 0.1088296 0.0733613 0.1074797 0.1200319 0.2791009 0.2147785 0.1678569 0.1714045 0.1784323 0.3017382 0.1787058 0.2845861 0.0684965 0.0676954 0.3133790 0.3005410 0.2973687 0.0670295 0.0000000 0.3184453 0.2980164 0.2118546 
Aneides_aeneus_AF489627.1_KF911883.1            0.6115803 0.3872626 0.3758642 0.4702198 0.2986760 0.3021936 0.2883469 0.3240476 0.1816090 0.2179924 0.2779677 0.2945904 0.3210240 0.3261127 0.3360079 0.3323710 0.2431681 0.3146083 0.3022841 0.3225250 0.3313764 0.3066517 0.1862857 0.3146788 0.2301498 0.2422964 0.2383007 0.1821551 0.2671792 0.1843454 0.2909023 0.3140772 0.0056890 0.1998743 0.1783379 0.3020971 0.3184453 0.0000000 0.1757394 0.3032899 
Aneides_hardii_AF329327.1_KC165585.1            0.5698482 0.3425883 0.3559105 0.4729806 0.2753203 0.2842526 0.2765596 0.3084252 0.1817832 0.2167793 0.2632715 0.2640526 0.2927534 0.2906366 0.2934542 0.2916441 0.2328107 0.2749198 0.2816941 0.2883920 0.2892118 0.2748340 0.1209465 0.2651012 0.2236806 0.2295991 0.2287758 0.1264363 0.2556422 0.1110744 0.2780391 0.2839047 0.1757810 0.1433002 0.0094329 0.2749105 0.2980164 0.1757394 0.0000000 0.2636981 
Plethodon_vandykei_AF329354.1_AY691715.1        0.5478239 0.3442065 0.3483287 0.3985097 0.2068221 0.2174520 0.2132185 0.2239155 0.2022746 0.2859090 0.2916974 0.2900924 0.2105354 0.2265643 0.2091572 0.2134570 0.1442989 0.2085800 0.2036759 0.2142740 0.2099878 0.2270959 0.2812789 0.0280038 0.1478265 0.1402947 0.1526636 0.2908537 0.1195418 0.2789236 0.2118054 0.2105193 0.2966631 0.3011935 0.2717150 0.2106810 0.2118546 0.3032899 0.2636981 0.0000000 
