43
Amphiuma_tridactylum_FJ951364.1      0.0000000 0.7248015 0.7882301 0.9707538 0.8021865 0.7381047 0.8789104 0.9622120 0.8889285 0.6467876 0.6932809 0.7156952 0.6170362 0.8820980 0.9847830 1.0618962 0.9815130 0.7355559 0.7055896 0.8303070 1.0069742 0.9999825 1.0383650 0.9262060 0.7324965 0.8965237 0.7116769 0.6637943 0.6291916 0.6819123 0.6552566 0.7305437 0.6802390 0.7950034 0.7767915 0.7505833 0.7920839 0.6699437 0.7817306 0.8739907 0.7656231 0.6454146 0.7722235 
Pseudotriton_ruber_AY728220.1        0.7248015 0.0000000 0.3304669 0.5510127 0.4854894 0.5923022 0.6066416 0.6309104 0.4932946 0.4271879 0.5036825 0.6109590 0.5456566 0.5407797 0.5574609 0.5986791 0.7031141 0.4861245 0.4863478 0.5984770 0.6044785 0.5773836 0.6361091 0.6031478 0.4917293 0.5991443 0.5018655 0.4433062 0.4615960 0.4771239 0.5061737 0.5077902 0.5239317 0.4823425 0.4846927 0.6148914 0.5627055 0.5096876 0.4847592 0.5448490 0.6246323 0.4979575 0.6020846 
Eurycea_cirrigera_KY885249.1         0.7882301 0.3304669 0.0000000 0.4480462 0.5176824 0.5533425 0.5184991 0.6084377 0.4426626 0.4293778 0.4563695 0.6265038 0.4921979 0.5349723 0.5962417 0.6042254 0.6187970 0.4691778 0.4642599 0.5619412 0.5727405 0.5532992 0.6634081 0.6124505 0.4479459 0.4996401 0.4441174 0.4392469 0.4206049 0.4310312 0.5390922 0.4880232 0.5001762 0.5473156 0.5341140 0.5004673 0.5582689 0.4699658 0.5163629 0.5573079 0.5009491 0.4755185 0.5310442 
Aquiloeurycea_galeanae_AF451213.1    0.9707538 0.5510127 0.4480462 0.0000000 0.7252679 0.6847416 0.6857902 0.6142848 0.2634859 0.4600191 0.5972692 0.7029754 0.5328884 0.7127735 0.6238291 0.7120744 0.7911694 0.5311338 0.5246127 0.7910289 0.7691832 0.6686923 0.8526327 0.7222630 0.5874181 0.5452674 0.5317899 0.5186339 0.5081402 0.5775532 0.6269267 0.6011508 0.5791778 0.6946383 0.6630987 0.5576246 0.6638812 0.7233538 0.7283510 0.6909104 0.5907263 0.6845069 0.6240524 
Plethodon_hoffmani_AF329333.1        0.8021865 0.4854894 0.5176824 0.7252679 0.0000000 0.2466912 0.2705908 0.3302669 0.6598856 0.4070470 0.4640566 0.4523431 0.4821451 0.2596703 0.2765339 0.2772404 0.2749246 0.4013637 0.4103593 0.2681265 0.2652387 0.1297164 0.3244388 0.2689525 0.3774691 0.5389825 0.3876919 0.4014718 0.3588586 0.3442712 0.4748317 0.4629726 0.4558851 0.0927393 0.1101251 0.4812979 0.4424556 0.4641319 0.0236459 0.1653590 0.4916157 0.4600562 0.5185720 
Plethodon_wehrlei_AF329342.1         0.7381047 0.5923022 0.5533425 0.6847416 0.2466912 0.0000000 0.1987256 0.1902003 0.6974545 0.4288718 0.4536398 0.4399083 0.4731861 0.2111959 0.2278323 0.2555447 0.2255412 0.3883391 0.3925274 0.1937412 0.2258962 0.2858120 0.2621243 0.2095420 0.4545471 0.5203888 0.3460869 0.3681787 0.3568850 0.3432409 0.4777305 0.3982057 0.4614180 0.2463474 0.2659482 0.4689655 0.4644213 0.4924706 0.2516565 0.2694404 0.4800079 0.4781359 0.5230084 
Plethodon_welleri_AF329343.1         0.8789104 0.6066416 0.5184991 0.6857902 0.2705908 0.1987256 0.0000000 0.1579252 0.7735231 0.4402899 0.4193378 0.5090169 0.4860206 0.2274563 0.2279142 0.2456947 0.2127092 0.3642657 0.3702482 0.2172419 0.2393985 0.2699339 0.2813808 0.1880024 0.4284035 0.4723826 0.3424944 0.3375956 0.3468283 0.3592336 0.5466793 0.4376647 0.4430136 0.2640928 0.2647746 0.4545133 0.5017109 0.4657360 0.2852749 0.2768045 0.4666167 0.4559423 0.5059269 
Plethodon_dorsalis_DQ995101.1        0.9622120 0.6309104 0.6084377 0.6142848 0.3302669 0.1902003 0.1579252 0.0000000 0.6644267 0.4747891 0.4621239 0.4989587 0.4867017 0.2690109 0.2718061 0.3085400 0.2940706 0.4693193 0.4754594 0.2662686 0.2712953 0.2980917 0.2955467 0.1910177 0.4400976 0.5315006 0.4106697 0.4138777 0.4197397 0.4475831 0.5229525 0.4776871 0.4339421 0.2720350 0.3056439 0.4747565 0.5382617 0.5307539 0.3187843 0.3052764 0.4925756 0.4994870 0.5759838 
Isthmura_bellii_AF451210.1           0.8889285 0.4932946 0.4426626 0.2634859 0.6598856 0.6974545 0.7735231 0.6644267 0.0000000 0.5692914 0.5938439 0.6825354 0.5792562 0.7000791 0.6562089 0.6934504 0.7423424 0.5760121 0.5771207 0.7395201 0.7605970 0.6241064 0.7721785 0.6907954 0.6313451 0.6118725 0.5860258 0.5614190 0.5491159 0.5866814 0.6786418 0.6036145 0.6012467 0.6212595 0.6427599 0.6729092 0.6679032 0.6870203 0.6824619 0.7088694 0.6851302 0.6993332 0.6720448 
Phaeognathus_hubrichti_AY728233.1    0.6467876 0.4271879 0.4293778 0.4600191 0.4070470 0.4288718 0.4402899 0.4747891 0.5692914 0.0000000 0.2894269 0.3837066 0.3165939 0.4310274 0.4396164 0.5045197 0.5133032 0.2915177 0.2853918 0.4560611 0.4616868 0.4575881 0.4733699 0.4853311 0.3883134 0.3469416 0.2853882 0.2821597 0.2826865 0.3006333 0.3407487 0.3179057 0.3861666 0.3810803 0.3996993 0.3275813 0.4583104 0.3857987 0.3981807 0.4531390 0.3401874 0.3800889 0.3427808 
Desmognathus_fuscus_AY728227.1       0.6932809 0.5036825 0.4563695 0.5972692 0.4640566 0.4536398 0.4193378 0.4621239 0.5938439 0.2894269 0.0000000 0.4179881 0.3732277 0.4712627 0.4868569 0.5245603 0.5262749 0.3634944 0.3588905 0.4894349 0.4626921 0.4827856 0.5503084 0.4520356 0.3941138 0.4346647 0.3909968 0.3947511 0.3787065 0.3652665 0.3569247 0.3895277 0.4132208 0.4440194 0.4490714 0.3915914 0.5023461 0.4381720 0.4576186 0.4878452 0.4076085 0.4330138 0.4864399 
Ensatina_eschscholtzii_AY728216.1    0.7156952 0.6109590 0.6265038 0.7029754 0.4523431 0.4399083 0.5090169 0.4989587 0.6825354 0.3837066 0.4179881 0.0000000 0.4444011 0.5142852 0.5469530 0.5353516 0.5663208 0.4167994 0.4210956 0.4986884 0.5419616 0.5031152 0.6411733 0.5203290 0.4937568 0.4600953 0.4340870 0.4038858 0.4126541 0.4341469 0.4805190 0.4385368 0.4777285 0.4637996 0.4955650 0.4740431 0.5357817 0.5202660 0.4543703 0.5051077 0.4951417 0.4996042 0.5150714 
Hydromantes_platycephalus_HM989517.1 0.6170362 0.5456566 0.4921979 0.5328884 0.4821451 0.4731861 0.4860206 0.4867017 0.5792562 0.3165939 0.3732277 0.4444011 0.0000000 0.5059793 0.4488228 0.5215821 0.5105982 0.3140360 0.3122904 0.5115927 0.4610022 0.4384741 0.5399234 0.4439724 0.3807559 0.3801820 0.2976710 0.3546884 0.3005282 0.3182593 0.3226021 0.3727118 0.3619522 0.4849089 0.4420944 0.3669745 0.4186015 0.3945122 0.4907416 0.4721189 0.3789070 0.3945079 0.4437928 
Plethodon_ouachitae_AF329335.1       0.8820980 0.5407797 0.5349723 0.7127735 0.2596703 0.2111959 0.2274563 0.2690109 0.7000791 0.4310274 0.4712627 0.5142852 0.5059793 0.0000000 0.1327692 0.1407366 0.1329840 0.4005876 0.3954454 0.1233500 0.1711942 0.3083574 0.1306189 0.2581641 0.4508734 0.5135196 0.3848734 0.3681785 0.3722764 0.3677793 0.4996998 0.4493456 0.4579051 0.2848789 0.2728985 0.5424954 0.5179591 0.5084485 0.2527414 0.3090214 0.5496636 0.5070122 0.5000884 
Plethodon_glutinosus_DQ995105.1      0.9847830 0.5574609 0.5962417 0.6238291 0.2765339 0.2278323 0.2279142 0.2718061 0.6562089 0.4396164 0.4868569 0.5469530 0.4488228 0.1327692 0.0000000 0.1351834 0.1184028 0.4251954 0.4335490 0.1281802 0.1590540 0.2804166 0.1252807 0.2290412 0.4345103 0.4980504 0.3759185 0.4091849 0.3915462 0.3934368 0.4381381 0.4821405 0.4229428 0.2989473 0.2811494 0.5366692 0.4305501 0.4959362 0.2788502 0.2664395 0.5407918 0.4869977 0.5541720 
Plethodon_cylindraceus_DQ995100.1    1.0618962 0.5986791 0.6042254 0.7120744 0.2772404 0.2555447 0.2456947 0.3085400 0.6934504 0.5045197 0.5245603 0.5353516 0.5215821 0.1407366 0.1351834 0.0000000 0.1209898 0.4505885 0.4577649 0.1328167 0.1813300 0.3143985 0.1401050 0.2773341 0.4717681 0.5027596 0.4446399 0.4063753 0.4303587 0.4255537 0.5154276 0.4708755 0.4573573 0.3080854 0.3113774 0.5957408 0.4810086 0.5241750 0.2713069 0.3018144 0.5991133 0.5099513 0.5252117 
Plethodon_kentucki_DQ995116.1        0.9815130 0.7031141 0.6187970 0.7911694 0.2749246 0.2255412 0.2127092 0.2940706 0.7423424 0.5133032 0.5262749 0.5663208 0.5105982 0.1329840 0.1184028 0.1209898 0.0000000 0.4600931 0.4659952 0.1110443 0.1640322 0.2824404 0.1270524 0.2373373 0.4473158 0.4987104 0.4072504 0.4222626 0.3953943 0.4089377 0.5148750 0.5182997 0.4403177 0.3105426 0.2964001 0.5694143 0.4947329 0.5035706 0.2573410 0.2869822 0.5730222 0.4946958 0.5438707 
Plethodon_neomexicanus_AF329353.1    0.7355559 0.4861245 0.4691778 0.5311338 0.4013637 0.3883391 0.3642657 0.4693193 0.5760121 0.2915177 0.3634944 0.4167994 0.3140360 0.4005876 0.4251954 0.4505885 0.4600931 0.0000000 0.0087736 0.4285613 0.4011927 0.4659329 0.4763282 0.5064761 0.3675424 0.3503013 0.2500862 0.2678133 0.2699763 0.2885622 0.3093924 0.3296067 0.3422238 0.3884817 0.3904185 0.3652084 0.3907203 0.3849683 0.3957061 0.4131288 0.3690495 0.3860473 0.3327431 
Plethodon_neomexicanus_AF329352.1    0.7055896 0.4863478 0.4642599 0.5246127 0.4103593 0.3925274 0.3702482 0.4754594 0.5771207 0.2853918 0.3588905 0.4210956 0.3122904 0.3954454 0.4335490 0.4577649 0.4659952 0.0087736 0.0000000 0.4231974 0.4008324 0.4719667 0.4836880 0.5137632 0.3672432 0.3533101 0.2516380 0.2622798 0.2670346 0.2905184 0.3068332 0.3295078 0.3422751 0.3823858 0.3841971 0.3597497 0.3818795 0.3737901 0.3896216 0.4064727 0.3635895 0.3749399 0.3310690 
Plethodon_petraeus_AY728222.1        0.8303070 0.5984770 0.5619412 0.7910289 0.2681265 0.1937412 0.2172419 0.2662686 0.7395201 0.4560611 0.4894349 0.4986884 0.5115927 0.1233500 0.1281802 0.1328167 0.1110443 0.4285613 0.4231974 0.0000000 0.1685937 0.3014368 0.1769711 0.2041382 0.4625428 0.5197638 0.4057546 0.3809112 0.3796887 0.3604858 0.5154918 0.4355554 0.4422156 0.2794995 0.2735052 0.5385514 0.5136293 0.4714625 0.2534962 0.2945339 0.5497342 0.4610930 0.4976795 
Plethodon_yonahlossee_AF329341.1     1.0069742 0.6044785 0.5727405 0.7691832 0.2652387 0.2258962 0.2393985 0.2712953 0.7605970 0.4616868 0.4626921 0.5419616 0.4610022 0.1711942 0.1590540 0.1813300 0.1640322 0.4011927 0.4008324 0.1685937 0.0000000 0.3022452 0.1915172 0.2471124 0.4502746 0.5166721 0.4029477 0.3945080 0.3799705 0.3967448 0.5217259 0.4583594 0.4732745 0.2554742 0.2914308 0.4860341 0.4842124 0.5189726 0.2705626 0.3003952 0.5038123 0.5100404 0.5216356 
Plethodon_hubrichti_DQ995112.1       0.9999825 0.5773836 0.5532992 0.6686923 0.1297164 0.2858120 0.2699339 0.2980917 0.6241064 0.4575881 0.4827856 0.5031152 0.4384741 0.3083574 0.2804166 0.3143985 0.2824404 0.4659329 0.4719667 0.3014368 0.3022452 0.0000000 0.2960678 0.2361100 0.3957635 0.4759769 0.3920595 0.4159059 0.3819536 0.3553445 0.4602599 0.4414106 0.3972038 0.1095797 0.0703367 0.5646309 0.5085817 0.4880929 0.1201666 0.1866695 0.5770533 0.4916855 0.5404406 
Plethodon_jordani_AF329334.1         1.0383650 0.6361091 0.6634081 0.8526327 0.3244388 0.2621243 0.2813808 0.2955467 0.7721785 0.4733699 0.5503084 0.6411733 0.5399234 0.1306189 0.1252807 0.1401050 0.1270524 0.4763282 0.4836880 0.1769711 0.1915172 0.2960678 0.0000000 0.2786348 0.5062630 0.5255990 0.4325317 0.4450188 0.4271206 0.4052153 0.5239959 0.5154779 0.5239508 0.3119855 0.3097215 0.6112675 0.5136097 0.5749807 0.3217936 0.3300992 0.6296980 0.5611153 0.5747005 
Plethodon_websteri_DQ995167.1        0.9262060 0.6031478 0.6124505 0.7222630 0.2689525 0.2095420 0.1880024 0.1910177 0.6907954 0.4853311 0.4520356 0.5203290 0.4439724 0.2581641 0.2290412 0.2773341 0.2373373 0.5064761 0.5137632 0.2041382 0.2471124 0.2361100 0.2786348 0.0000000 0.3812744 0.5165665 0.3488729 0.3752054 0.4002130 0.3704334 0.4916673 0.4427399 0.3907936 0.2824162 0.2584469 0.4830469 0.4447869 0.4262431 0.2713598 0.3168616 0.4988368 0.4052089 0.5581219 
Aneides_vagrans_KF781825.1           0.7324965 0.4917293 0.4479459 0.5874181 0.3774691 0.4545471 0.4284035 0.4400976 0.6313451 0.3883134 0.3941138 0.4937568 0.3807559 0.4508734 0.4345103 0.4717681 0.4473158 0.3675424 0.3672432 0.4625428 0.4502746 0.3957635 0.5062630 0.3812744 0.0000000 0.4467937 0.3557306 0.3468373 0.3512218 0.3543590 0.2312534 0.4247565 0.0975948 0.4008145 0.3985886 0.3964052 0.2580987 0.2553498 0.3623508 0.4513160 0.3966138 0.2579905 0.4622279 
Plethodon_idahoensis_DQ995113.1      0.8965237 0.5991443 0.4996401 0.5452674 0.5389825 0.5203888 0.4723826 0.5315006 0.6118725 0.3469416 0.4346647 0.4600953 0.3801820 0.5135196 0.4980504 0.5027596 0.4987104 0.3503013 0.3533101 0.5197638 0.5166721 0.4759769 0.5255990 0.5165665 0.4467937 0.0000000 0.3797642 0.3675298 0.3530269 0.3520540 0.3676012 0.3199742 0.4275860 0.5144588 0.5083446 0.4741484 0.5019457 0.4092246 0.5454421 0.5138751 0.4870861 0.3857383 0.0740775 
Plethodon_vehiculum_AF329355.1       0.7116769 0.5018655 0.4441174 0.5317899 0.3876919 0.3460869 0.3424944 0.4106697 0.5860258 0.2853882 0.3909968 0.4340870 0.2976710 0.3848734 0.3759185 0.4446399 0.4072504 0.2500862 0.2516380 0.4057546 0.4029477 0.3920595 0.4325317 0.3488729 0.3557306 0.3797642 0.0000000 0.1482227 0.2090187 0.2187707 0.3500799 0.2920711 0.3548036 0.3878011 0.3745856 0.3257246 0.3545147 0.3541538 0.3880521 0.3731046 0.3365052 0.3517157 0.3658625 
Plethodon_dunni_AF329344.1           0.6637943 0.4433062 0.4392469 0.5186339 0.4014718 0.3681787 0.3375956 0.4138777 0.5614190 0.2821597 0.3947511 0.4038858 0.3546884 0.3681785 0.4091849 0.4063753 0.4222626 0.2678133 0.2622798 0.3809112 0.3945080 0.4159059 0.4450188 0.3752054 0.3468373 0.3675298 0.1482227 0.0000000 0.2569776 0.2670431 0.3346201 0.2994358 0.3721256 0.3786151 0.3825095 0.3557981 0.4198532 0.3634814 0.3922404 0.3911543 0.3674433 0.3610441 0.3272410 
Plethodon_elongatus_AY728223.1       0.6291916 0.4615960 0.4206049 0.5081402 0.3588586 0.3568850 0.3468283 0.4197397 0.5491159 0.2826865 0.3787065 0.4126541 0.3005282 0.3722764 0.3915462 0.4303587 0.3953943 0.2699763 0.2670346 0.3796887 0.3799705 0.3819536 0.4271206 0.4002130 0.3512218 0.3530269 0.2090187 0.2569776 0.0000000 0.0780805 0.3431238 0.2763782 0.3039016 0.3839109 0.3334261 0.3282781 0.3817737 0.3589225 0.3614711 0.3569565 0.3375454 0.3564291 0.3496588 
Plethodon_stormi_AF329349.1          0.6819123 0.4771239 0.4310312 0.5775532 0.3442712 0.3432409 0.3592336 0.4475831 0.5866814 0.3006333 0.3652665 0.4341469 0.3182593 0.3677793 0.3934368 0.4255537 0.4089377 0.2885622 0.2905184 0.3604858 0.3967448 0.3553445 0.4052153 0.3704334 0.3543590 0.3520540 0.2187707 0.2670431 0.0780805 0.0000000 0.3481273 0.2944483 0.3190482 0.3787283 0.3132350 0.3810366 0.3929273 0.3424433 0.3568049 0.3732314 0.3909473 0.3551660 0.3437076 
Aneides_lugubris_KF781809.1          0.6552566 0.5061737 0.5390922 0.6269267 0.4748317 0.4777305 0.5466793 0.5229525 0.6786418 0.3407487 0.3569247 0.4805190 0.3226021 0.4996998 0.4381381 0.5154276 0.5148750 0.3093924 0.3068332 0.5154918 0.5217259 0.4602599 0.5239959 0.4916673 0.2312534 0.3676012 0.3500799 0.3346201 0.3431238 0.3481273 0.0000000 0.3418843 0.2524739 0.4129373 0.4320685 0.3854724 0.2665817 0.2947651 0.4503653 0.4638730 0.3894811 0.2988196 0.4243704 
Plethodon_larselli_AF329350.1        0.7305437 0.5077902 0.4880232 0.6011508 0.4629726 0.3982057 0.4376647 0.4776871 0.6036145 0.3179057 0.3895277 0.4385368 0.3727118 0.4493456 0.4821405 0.4708755 0.5182997 0.3296067 0.3295078 0.4355554 0.4583594 0.4414106 0.5154779 0.4427399 0.4247565 0.3199742 0.2920711 0.2994358 0.2763782 0.2944483 0.3418843 0.0000000 0.3677299 0.4233591 0.4099077 0.3953542 0.4640118 0.4274268 0.4550918 0.4279047 0.4044341 0.4202110 0.3144913 
Aneides_ferreus_AF329324.1           0.6802390 0.5239317 0.5001762 0.5791778 0.4558851 0.4614180 0.4430136 0.4339421 0.6012467 0.3861666 0.4132208 0.4777285 0.3619522 0.4579051 0.4229428 0.4573573 0.4403177 0.3422238 0.3422751 0.4422156 0.4732745 0.3972038 0.5239508 0.3907936 0.0975948 0.4275860 0.3548036 0.3721256 0.3039016 0.3190482 0.2524739 0.3677299 0.0000000 0.4269215 0.4229850 0.3863000 0.2430970 0.2681770 0.4437212 0.4735614 0.3941016 0.2596907 0.4458839 
Plethodon_shenandoah_MK493192.1      0.7950034 0.4823425 0.5473156 0.6946383 0.0927393 0.2463474 0.2640928 0.2720350 0.6212595 0.3810803 0.4440194 0.4637996 0.4849089 0.2848789 0.2989473 0.3080854 0.3105426 0.3884817 0.3823858 0.2794995 0.2554742 0.1095797 0.3119855 0.2824162 0.4008145 0.5144588 0.3878011 0.3786151 0.3839109 0.3787283 0.4129373 0.4233591 0.4269215 0.0000000 0.1130974 0.4742663 0.4532468 0.5039149 0.0904835 0.1770824 0.4844030 0.4904411 0.5349216 
Plethodon_richmondi_AF329339.1       0.7767915 0.4846927 0.5341140 0.6630987 0.1101251 0.2659482 0.2647746 0.3056439 0.6427599 0.3996993 0.4490714 0.4955650 0.4420944 0.2728985 0.2811494 0.3113774 0.2964001 0.3904185 0.3841971 0.2735052 0.2914308 0.0703367 0.3097215 0.2584469 0.3985886 0.5083446 0.3745856 0.3825095 0.3334261 0.3132350 0.4320685 0.4099077 0.4229850 0.1130974 0.0000000 0.5309555 0.4519552 0.4659673 0.1053102 0.1608930 0.5416086 0.4770785 0.5197786 
Aneides_aeneus_AF489624.1            0.7505833 0.6148914 0.5004673 0.5576246 0.4812979 0.4689655 0.4545133 0.4747565 0.6729092 0.3275813 0.3915914 0.4740431 0.3669745 0.5424954 0.5366692 0.5957408 0.5694143 0.3652084 0.3597497 0.5385514 0.4860341 0.5646309 0.6112675 0.4830469 0.3964052 0.4741484 0.3257246 0.3557981 0.3282781 0.3810366 0.3854724 0.3953542 0.3863000 0.4742663 0.5309555 0.0000000 0.4060359 0.4030431 0.4873829 0.5282485 0.0077863 0.3974240 0.4903266 
Aneides_flavipunctatus_AF329326.1    0.7920839 0.5627055 0.5582689 0.6638812 0.4424556 0.4644213 0.5017109 0.5382617 0.6679032 0.4583104 0.5023461 0.5357817 0.4186015 0.5179591 0.4305501 0.4810086 0.4947329 0.3907203 0.3818795 0.5136293 0.4842124 0.5085817 0.5136097 0.4447869 0.2580987 0.5019457 0.3545147 0.4198532 0.3817737 0.3929273 0.2665817 0.4640118 0.2430970 0.4532468 0.4519552 0.4060359 0.0000000 0.3322314 0.4486059 0.4819342 0.4110866 0.3301234 0.5193014 
Aneides_hardii_AY728226.1            0.6699437 0.5096876 0.4699658 0.7233538 0.4641319 0.4924706 0.4657360 0.5307539 0.6870203 0.3857987 0.4381720 0.5202660 0.3945122 0.5084485 0.4959362 0.5241750 0.5035706 0.3849683 0.3737901 0.4714625 0.5189726 0.4880929 0.5749807 0.4262431 0.2553498 0.4092246 0.3541538 0.3634814 0.3589225 0.3424433 0.2947651 0.4274268 0.2681770 0.5039149 0.4659673 0.4030431 0.3322314 0.0000000 0.4653994 0.5113960 0.4128493 0.0262811 0.4350800 
Plethodon_cinereus_MN483063.1        0.7817306 0.4847592 0.5163629 0.7283510 0.0236459 0.2516565 0.2852749 0.3187843 0.6824619 0.3981807 0.4576186 0.4543703 0.4907416 0.2527414 0.2788502 0.2713069 0.2573410 0.3957061 0.3896216 0.2534962 0.2705626 0.1201666 0.3217936 0.2713598 0.3623508 0.5454421 0.3880521 0.3922404 0.3614711 0.3568049 0.4503653 0.4550918 0.4437212 0.0904835 0.1053102 0.4873829 0.4486059 0.4653994 0.0000000 0.1709816 0.4975471 0.4593873 0.5275472 
Plethodon_serratus_AF329337.1        0.8739907 0.5448490 0.5573079 0.6909104 0.1653590 0.2694404 0.2768045 0.3052764 0.7088694 0.4531390 0.4878452 0.5051077 0.4721189 0.3090214 0.2664395 0.3018144 0.2869822 0.4131288 0.4064727 0.2945339 0.3003952 0.1866695 0.3300992 0.3168616 0.4513160 0.5138751 0.3731046 0.3911543 0.3569565 0.3732314 0.4638730 0.4279047 0.4735614 0.1770824 0.1608930 0.5282485 0.4819342 0.5113960 0.1709816 0.0000000 0.5387263 0.5226430 0.5119413 
Aneides_aeneus_AF489627.1            0.7656231 0.6246323 0.5009491 0.5907263 0.4916157 0.4800079 0.4666167 0.4925756 0.6851302 0.3401874 0.4076085 0.4951417 0.3789070 0.5496636 0.5407918 0.5991133 0.5730222 0.3690495 0.3635895 0.5497342 0.5038123 0.5770533 0.6296980 0.4988368 0.3966138 0.4870861 0.3365052 0.3674433 0.3375454 0.3909473 0.3894811 0.4044341 0.3941016 0.4844030 0.5416086 0.0077863 0.4110866 0.4128493 0.4975471 0.5387263 0.0000000 0.4070887 0.5011876 
Aneides_hardii_AF329327.1            0.6454146 0.4979575 0.4755185 0.6845069 0.4600562 0.4781359 0.4559423 0.4994870 0.6993332 0.3800889 0.4330138 0.4996042 0.3945079 0.5070122 0.4869977 0.5099513 0.4946958 0.3860473 0.3749399 0.4610930 0.5100404 0.4916855 0.5611153 0.4052089 0.2579905 0.3857383 0.3517157 0.3610441 0.3564291 0.3551660 0.2988196 0.4202110 0.2596907 0.4904411 0.4770785 0.3974240 0.3301234 0.0262811 0.4593873 0.5226430 0.4070887 0.0000000 0.4267874 
Plethodon_vandykei_AF329354.1        0.7722235 0.6020846 0.5310442 0.6240524 0.5185720 0.5230084 0.5059269 0.5759838 0.6720448 0.3427808 0.4864399 0.5150714 0.4437928 0.5000884 0.5541720 0.5252117 0.5438707 0.3327431 0.3310690 0.4976795 0.5216356 0.5404406 0.5747005 0.5581219 0.4622279 0.0740775 0.3658625 0.3272410 0.3496588 0.3437076 0.4243704 0.3144913 0.4458839 0.5349216 0.5197786 0.4903266 0.5193014 0.4350800 0.5275472 0.5119413 0.5011876 0.4267874 0.0000000 
